1396238
1559771
1913647
2029773
1248021
54732
503622
279448
1745106
1717442
1617179
361708
1027355
1760448
1810743
679457
230760
422922
754556
423012
1424279
289468
1846385
897170
58307
1423127
1935531
652747
2062141
298950
267538
2017731
1858721
740537
460813
1666094
795270
964436
504894
1099728
535835
2122073
1461436
1563190
295830
1126136
801999
1231985
1549058
115907
1654997
1532690
405375
2060735
283817
463683
1337819
73305
1821825
1959312
1077650
2089363
1831000
1495723
1389253
145770
1015774
38480
1815601
80021
1138208
205393
761446
1158996
327936
1057277
844484
1129935
143219
952894
1245843
357569
339541
210570
977656
623358
674253
874827
1402059
1055431
688096
1039061
998751
1078448
388742
947356
1929613
2109911
985836
1599172
43889
683396
1804565
805336
1842392
691853
421965
1246228
1821789
1270579
53080
1626984
187500
392621
1837554
1165156
1721375
1071160
599335
1682786
2126591
1992826
575804
1684694
925231
964546
486008
708802
928415
31196
867326
1677699
1419988
1231243
1042387
1821732
1923097
1464352
921918
158195
588889
974998
1785179
776389
2073014
36042
500898
1648346
1107202
1100233
1185089
1793145
947017
320246
1331797
1872248
1284792
377157
1140402
772559
1113748
567080
1009611
387693
1798324
2051998
63383
134730
2075703
1690696
292925
518549
519651
637456
2000333
1152017
673498
355188
1359716
340053
1455422
398762
2133198
961791
1424403
2024347
1393391
1268548
255461
1093146
2041107
2074605
1660226
1610070
316255
1312507
1516026
1085033
6589
1445686
629686
299514
523587
1854732
936970
377877
860707
169821
1438461
74380
509874
747840
1178537
1202424
1709631
456898
1080729
956979
1725446
2041585
609477
179862
1970147
123661
1789933
845755
2141563
1865311
1930788
2110
1870349
1119827
301624
953288
828516
1943990
1331165
1689223
2113811
1328978
322955
1183037
636170
1501493
239418
199758
517743
2025542
1862133
802541
1921085
325567
982403
304541
1154623
1331688
1150296
1150144
1756351
1640437
1857649
1480657
614221
13230
993297
2089
516572
883815
1691313
1189735
66750
573620
226729
702921
2075113
466148
1608074
1152208
1051042
2029559
1954749
826084
914479
1496505
1836021
2069102
682150
1545669
1778598
292459
1745458
1490204
332468
213636
62787
1325766
215726
579359
63538
466391
1769095
835683
1040011
555176
1538604
1674477
1726719
1706031
680642
631719
1589547
1194744
17155
357983
545206
1853176
986438
1227356
1252803
618993
79167
1557613
668550
1117031
1771250
731337
296754
546328
1310696
1065687
1718114
1639143
460722
612082
48277
1999327
845911
1774996
1559315
85906
260672
1708214
1280650
277828
2066198
1825856
690356
1611988
1612564
502511
84938
251084
2060125
753488
1368115
244684
44177
1664869
791012
2060269
1289908
1068478
1553369
1750630
239912
160998
163266
1085824
1935995
281933
1877125
756019
1990148
1011732
1739242
469655
1396940
283556
2081643
1568856
1491462
725933
1819940
1405544
38774
1042012
1650228
82951
1266233
1000592
2143220
1115493
628422
1550547
1425476
868335
270897
1588742
1954159
766244
430028
1685241
1522264
274133
1256325
1820858
1449183
1212617
663766
2090178
635430
9186
670068
309328
2120125
708842
2056735
183663
791794
1176926
1889650
1494366
851771
372030
1604265
131204
1240365
1875163
1719947
1753876
495364
709327
1998469
576980
1688855
1108751
251796
991995
175325
1620957
936130
1516150
1630143
165550
384830
163578
874393
295523
347241
225539
31801
90848
1719905
883572
462878
1178128
1014777
262595
907248
1294076
2016471
1402612
562755
1868897
538945
105567
1537000
1496136
1097562
271677
971050
593044
347180
1160546
758594
732010
1324124
192339
1732928
1671365
417878
1764729
321565
2137784
1207654
1489839
1169869
781783
1752434
636469
635211
182215
598433
1197966
610464
1137378
1303533
1422
487471
960447
978494
17874
112843
1325674
1178420
1576832
617037
356501
1769172
203922
587218
41007
528004
908783
738143
295010
957974
467364
1076793
564366
1103833
271356
1451976
261619
1469322
2062440
1398997
1332207
623214
445821
852006
1601709
463695
1670244
1486735
1642115
1101033
663124
557968
724162
867047
1145186
1470565
2100446
613321
62665
249413
1571296
1235425
2031601
695014
193215
156914
947
1160229
1626236
2063387
413184
1517795
1245954
1564400
929153
1407015
587447
453354
747707
788914
113739
2116227
1346882
837902
1542626
1051420
867819
1497029
1664741
930484
1746442
1795389
19866
1632000
344360
918477
348266
1050702
2078706
533854
1673442
1051242
2051649
773353
1174994
1540154
34325
1762441
1993508
1487427
1110707
2107247
1457611
311546
1504501
854194
1362966
226277
910575
1587060
1862157
1216369
1941801
441375
1407721
140119
2065247
1755987
1896216
557263
143798
1423615
167857
49404
50925
1342852
148910
85250
1664645
2142418
132030
629310
662975
1589641
1646251
726828
1003188
1568570
1658501
1913763
1009587
1374615
984090
805345
375342
245768
1650859
294547
2001756
1401033
851810
704906
1384000
1725062
754311
1434926
921871
903221
79528
1145869
1604992
916953
1775179
827319
360552
1980782
1554147
2069135
1403309
1066605
396207
972248
1000572
1380297
336946
2081310
185418
1987805
229814
746526
1948190
1787019
1451432
1186148
1366038
765095
1180426
847262
227669
1965349
1993131
392013
736260
181619
1219332
1802207
16358
1332831
1725299
2125063
958789
2121506
951268
518713
2061156
1288214
453980
805926
1835372
1389189
1552452
1637519
1030165
1563236
1383019
955556
182289
1122797
1802818
1115353
1647499
209258
1507366
943111
390877
1286050
599275
1112630
472838
883926
1091650
2137022
1564784
2042919
509693
39249
1185090
1669068
845175
1579814
912215
956979
1776686
501732
374173
1013662
1457288
1261857
695812
1819458
936562
902663
2028716
297885
1845774
273550
1583935
299006
1386181
616125
1888327
331788
1312500
2012463
934059
381545
2051713
678502
2050613
750845
112273
1522180
267177
1888959
2023913
641350
1461974
1335158
462559
11743
1008574
1399121
914406
1596642
256358
1319532
1870193
399645
177890
1815726
1721165
2066217
706866
887622
1932637
1640926
1269167
1838307
173385
1879133
1148505
285658
1255270
1415682
28575
1133140
616384
1490549
1027651
1078943
61644
595577
1037416
1681445
46176
1293774
854934
475721
252771
1032824
145404
1973936
1658393
1557666
715516
1444987
1052549
544035
1842647
1931329
277125
1550504
70944
91748
820143
804914
1930283
1436527
854815
1517286
1074822
1621854
2112863
671590
1862651
718392
524716
571542
1194113
777487
163718
2044913
605380
1822111
1456536
1320896
1826451
1068437
424284
82407
853723
701409
1632911
1630062
1498552
1012406
994329
1282793
1008285
408496
1359431
2083107
2030351
2031647
1314049
306311
603996
1838765
877854
357461
470209
1746967
961726
1075589
2128431
977614
955838
1808839
605403
1380122
450598
1459126
640883
2083509
1648541
2139436
1655267
1202222
1981581
517509
1610718
1194969
1159968
54378
1785968
327974
360690
243921
20696
1943939
1306778
1196300
104215
122461
125846
86603
1100076
1787079
454794
264831
1021158
905392
1723958
221394
1548253
1931851
920182
1057477
988030
1461115
1574986
1158100
1215436
588911
1917874
855362
916885
837916
1099283
1642976
635812
260018
693233
1445422
1087875
1524475
1532026
747303
1870906
1986820
1012134
1451417
746170
1295444
1672811
148380
1081252
446950
1911253
628634
1908065
1340196
346087
977458
1929108
117918
1832820
1405345
1661229
1491456
902279
856393
310826
154864
155772
1398701
238691
1687798
2146004
2109598
1528576
1717491
1414972
834098
866892
941740
1687873
507497
2094085
1453083
1841526
1856107
647237
41570
1392917
1135697
864883
1785090
394999
380069
1130503
2002673
1236462
1441329
716890
1392235
693988
955581
1639385
1399344
919136
1021918
970792
188065
1856016
397037
1835200
2103242
904534
1783242
1410282
600017
52658
2057519
1346983
1445576
1752568
65823
1790018
706920
1151288
774478
563550
947102
775159
1985835
898689
28499
795374
392032
2133239
273862
1413950
957988
1167323
1829319
1355025
856480
1786518
818911
1199075
1756152
1418929
1251733
1667629
1325264
1256661
1979549
2096482
900636
540426
1101727
234466
1809372
608182
1715021
1649164
1506871
1743520
1003890
1898903
1730716
1277753
1872206
1248057
299033
114834
1162434
1860908
460704
1981346
913940
70813
1959627
725026
297794
1138848
541039
131301
1089287
1441676
671727
750367
235494
335056
2063944
1950515
1984221
1424772
107345
842068
1883028
1838061
679173
1609191
940075
978206
283377
2102510
1398467
744081
497165
871759
814894
310749
1596785
1818084
8949
2137825
1949385
1803631
2138853
475069
1113350
228304
1515521
1031251
738172
1353699
309981
845517
755119
752361
1242930
1434293
215509
36963
971851
498886
698825
929670
1948362
1195990
1801430
1322608
66091
1252172
994649
75040
1243954
797991
438023
1942159
1978456
1551374
729816
1347934
436582
1467988
1260985
1451958
872857
2016104
58276
2115787
2009749
979180
712102
1540953
37418
2116322
324580
1985780
1871664
2126010
1162346
1937755
1937535
716347
572147
1740841
1514339
1010171
1536958
2052147
415502
120731
1254038
1557479
148071
368980
1568790
1020928
944436
1627066
1696067
1513538
1165599
262127
908448
1203017
232406
1938423
1748150
2104071
477743
1469848
455135
269235
40152
1027283
2010076
113843
596806
2106386
19947
1717703
81074
1273985
1129139
229145
202317
551886
1955468
1852149
738305
1505493
1219644
1903904
1767620
2128092
960878
559378
479824
1268380
517406
957567
592185
1677937
1226802
632338
559177
1796231
746181
1155983
1756574
766129
727643
1837649
599466
416134
626146
1507179
1673416
435572
1213285
971073
500417
286886
1434329
121994
974330
954559
1386767
1454154
76897
463526
971074
669082
2141463
51833
1301420
554597
1848064
606954
269932
17948
1373083
1702970
414949
531901
678456
1041095
598432
205829
36019
1811717
1882297
536436
657955
1170583
1363825
191637
2125143
604550
205144
55997
1068076
1176218
725079
1063496
1228051
585852
177445
1635468
1192806
1152772
1653416
1125241
709699
2068365
1657142
1388155
1668812
109532
153337
264184
480601
594986
800620
1843952
1765570
723798
2035589
1744670
2033743
94690
360019
955776
1270908
1085098
578624
1058312
230302
1461464
1253132
1423108
468193
760505
402306
1177892
1388222
618801
1125399
1616386
1433728
1984131
1880570
1914329
433075
1240543
1612238
52602
1964341
61137
356624
1852041
155827
716643
1367169
2132131
361093
505145
1749795
1296791
1966609
856884
573856
994154
176741
1681558
731398
1564963
154316
1856797
1740701
1588044
254238
1475229
2061725
687313
569729
87273
1445310
388027
148410
361286
799420
1009632
1783324
20546
1701115
703769
1231086
1304867
2000560
1051652
15708
428374
605158
192449
2109932
1336556
316764
823600
1752705
2057466
970996
2006943
2092047
886678
1253608
515733
1679346
1258270
1609155
387108
1619556
262532
1396741
1256837
988473
1657208
1960607
73516
816033
374476
1830563
831741
802850
995073
1729586
1472134
185586
605702
855086
1938291
1222520
1826082
358544
1168524
1272113
1612152
243609
805416
724380
1852764
1897920
197893
674648
1854013
14083
222473
1365178
534042
1001384
35168
908518
1391299
1572305
270721
240329
1861243
302207
425915
320902
1157294
923559
102775
837333
1282103
1976694
2109446
1453607
74261
1474215
737339
486377
1226092
1640628
1866421
1639457
1654711
2088894
858592
748105
1649631
893761
1656623
894887
1025418
486696
1135217
740618
788904
120484
1061520
1946198
1749438
1869690
1342883
1590893
1700342
2011682
898458
1774603
1339854
1635797
820332
1125298
1130382
1246105
1324107
1344445
1188957
36656
2092550
1397940
1635812
162483
146784
515187
649179
1987396
1255805
1438083
667233
876678
1943633
976023
600325
1140474
420874
154624
1711508
2024727
488579
905319
73833
1308912
589969
1909611
408974
1914076
1108013
157283
510084
1759916
1555223
2145897
1922399
261360
515041
1130930
808108
330199
1128366
1475341
1206877
1631351
305322
1807202
625782
1431591
1961827
896642
1310275
1009758
1801961
1384108
878022
951282
1147676
1992392
1424710
815042
3632
1934795
1134310
118208
494001
1616061
1084963
1714437
600948
1893071
2044636
288666
1927765
1105470
1920018
792439
1472025
1105152
77987
1993204
2001795
1388262
856919
217065
1331722
1734942
1168348
1038751
1581291
1152410
413145
144275
1646557
1547455
967878
2140558
1017473
612193
1708953
177773
359222
166898
466440
846339
1977764
240415
1638778
1303746
1345567
276117
1150907
1201319
223731
567178
1418385
1555453
156077
1146085
1153556
296720
152452
1566701
440996
358362
968113
2114269
352877
1985586
580420
621182
722712
939642
788081
1189152
345333
619802
1429567
543463
482900
629091
819580
1633807
389763
1043311
54942
367500
1158116
916415
1513585
165630
1213135
225389
1732331
213483
583751
1259797
181710
1642024
1804735
762130
117163
381404
261124
1610639
1570556
606457
789793
854080
1855315
1272693
42524
528852
760457
1137682
1572163
1520795
1505182
1289631
996562
1578119
1455261
63654
1803508
1746945
982533
946612
860699
1164243
442593
1224786
485725
1265151
1606191
746849
729748
1736099
2058701
1519541
1149532
1767973
1351587
1192056
856177
671396
889090
282297
46148
248229
131280
1748105
1826348
1586542
1811760
43165
1892839
1353645
989777
607495
371845
2137765
391633
1562965
1962269
1997824
163771
545974
147233
781824
624867
1296765
1109149
535806
1048173
1965326
1207203
1937263
806975
1253351
744844
938255
855414
425149
1084149
1226526
1173709
830945
1139523
722839
2143835
1511368
714561
389426
928290
530787
946602
1797456
1782156
1093835
1138632
966376
949952
807133
1502182
1998125
626416
563342
1789345
2138786
376046
1093541
1636393
1936855
1518690
1279895
1722733
1251752
2110840
716213
1974591
667985
786933
543109
1057411
1715223
1779292
563365
2072031
1415405
216553
1064620
941133
1166505
431105
297273
1018588
1057521
1566010
1367285
1755659
1942056
314784
1951404
1732868
392826
1085256
2014953
1644578
1755449
585123
1473126
277391
1372056
575588
2040197
1646631
208837
457519
1572619
183594
674072
1196591
1124728
1840578
1627696
2127396
1418518
1244569
1547363
639760
1559580
2048772
1659939
1364942
194949
2052766
1009550
63860
110653
618956
648983
1583780
896347
580392
718720
790501
786375
927557
1953416
918347
1816546
481445
674290
1500626
881375
155944
1481979
859245
2105908
1588695
1499006
78798
1491424
1718297
3092
1686373
1625020
1012642
1750233
295026
190951
958569
1878806
1792693
98313
451483
1142547
884688
2084435
949920
1803035
314290
2136760
331283
1814917
1577488
1192622
1856248
290690
1857882
1298900
349048
1936680
644281
2067346
1939772
890007
105675
1511767
494197
400701
1702718
12118
838859
1349368
110431
1995737
345872
1700515
493481
2001187
1357507
807772
1991905
248142
476646
1423350
1440764
186851
273392
1857999
45104
622441
1648636
689385
543744
1718
1579392
1354814
1513485
632942
1755516
1775555
1350455
1153727
978880
1460887
1003422
2030148
1720754
1496903
1885292
1637613
158632
290506
1885756
1340673
273208
1885872
86877
546601
1597828
131981
1169042
1805817
1526761
272138
1807535
1665506
1626952
1880372
152405
1941820
1509884
62212
949505
1048116
1523099
512279
932221
1803205
568534
1376866
1294776
1432562
226724
1034489
627192
499933
1479713
1419464
1046534
931499
1551445
774928
591273
1637559
1752461
958160
1157022
1938765
692489
2014822
293895
56330
2077034
1948795
1104446
13443
315031
596020
1816648
883565
1972886
965381
170084
53567
559222
1502672
1258895
2038936
776093
864781
1529787
886891
1639709
2121060
378407
1951522
933177
94781
1744245
1625666
668955
597492
241348
599946
400244
1345794
1318784
1420670
501166
989390
158192
328009
514123
1033672
1086972
1778741
390301
905219
1671634
1871789
1770001
1055378
1318032
1969062
1735790
1696439
1774542
522924
350572
2078139
707942
1019527
529588
949290
178826
1635227
854436
1497610
909854
1355603
340957
1773441
242964
1560476
661070
2035331
1193174
1756766
794508
1424160
1482513
418466
333495
1359897
241485
2069285
910294
575379
1151561
1966261
1212870
418855
839746
1742458
2073540
1723967
1937037
1487328
1075534
700848
1402283
2121887
328247
1645248
1536320
1694712
93888
1288846
1305436
888396
566963
1347301
2012257
1605853
561155
813095
88447
30801
1388474
1240008
556415
455302
218215
2101556
757112
145712
1679480
548107
192392
608971
1954350
1594676
1290210
841949
1093881
680487
390619
1187769
528685
255407
635518
1095648
162060
501732
1260853
1428610
1314827
1349300
18764
1262654
443265
575179
1717956
1366875
1236087
1034420
71939
769524
141879
264332
2083890
2096230
1859008
1228058
792136
1512241
467897
1888150
1259362
996583
702909
1894880
651583
864969
955965
1912437
852932
124749
1115694
871696
1387403
118312
6227
1664711
1485187
1242314
553089
1557127
571190
694968
380811
1214432
1350550
93776
296447
702039
1606017
1469740
444146
719336
320280
1147056
1173569
1677258
571377
2129534
3004
2129704
813635
1118699
855357
760391
1942406
1566979
279059
1986945
1368645
1537543
2103424
499187
791864
338192
1713620
2142414
1137363
2010067
1403805
597337
1333764
1847952
2022069
213396
1554360
1754990
450007
685089
1738481
453011
668751
1111468
131062
83460
1871859
2073468
1650440
710271
1914371
1578437
807166
1871752
2077625
1599030
769297
1645202
154754
1906660
68578
1558559
1063350
2107738
1965863
1644771
880486
1374180
1253718
1330493
618622
1551551
342857
1287373
516976
473919
1370833
948188
401345
1580625
1658459
875068
1013020
319582
1306172
1649997
477965
2075469
1854551
632719
395439
482481
750630
1458789
444176
570451
957517
2030058
503983
770587
1919903
1122605
881490
116717
263935
1398466
590637
194121
906006
1697377
1774746
418422
1131797
1347118
1443400
291926
1556467
480717
926748
1264975
1818831
1322187
1747457
423418
1340328
750985
1699264
857197
1340395
57205
1627784
1114256
1885205
363231
1230973
708493
321049
380962
902614
1227056
2078339
1236712
204830
1064093
1143183
207582
2061415
553607
688299
842120
377935
1066482
723659
2125392
49253
2063987
1435729
1748517
775141
630082
365074
962277
303690
809632
2030903
94015
1518125
205909
474978
980091
2138360
1112669
776155
197148
736115
1919338
1110125
651487
1032298
357777
52959
1410233
1424259
776618
2094977
1473512
1399957
2090058
1781382
29055
1279492
413
1696727
1583182
810045
1581587
1677198
887522
1787496
711528
1867613
1779814
383549
497726
536314
1119664
976416
205791
330503
2008714
563568
383462
1978299
1987828
1865475
1927233
2020692
1119389
430601
1656031
1853839
1710093
215797
1404523
1147233
1731237
840067
1383783
472717
481521
654663
899682
820687
1038212
1397408
2062396
11834
933177
122144
1047732
1501243
685713
1431195
1333500
1232893
1150627
1820085
1812937
829369
104643
2028321
537165
1814737
98075
1941689
1521322
388664
635713
759062
861381
1822629
2119120
1761064
1202668
1011289
1717824
1119021
1728518
1210353
1241166
630208
565554
486231
620755
1899054
278476
330734
1573096
2091413
1160103
1677740
1973691
256621
1346434
631118
757662
1427108
1019783
1393375
745522
440516
1775357
718599
760932
831982
289240
1038109
510356
577111
102419
310874
1207319
667973
1502500
387426
1126379
1780976
1423555
1258828
285698
1143011
790525
113347
1399632
696311
1449860
11251
682771
1028995
2110021
1428293
1469512
298687
849
84401
1130670
995484
1827905
200378
1572595
1930325
511252
1339266
1157650
2013752
1726692
843382
208037
1004205
2102210
493735
706568
1452087
607082
2106200
707750
616295
676803
1390521
1645290
640781
672771
968759
939469
1379015
1758556
629491
228456
1440418
829869
1801052
1930095
2046516
994275
1647098
473577
1280320
344437
681614
843877
1005999
1175349
1550445
1017438
341784
69954
1725188
958079
746757
1675061
1162721
2092933
907184
2131481
886359
140156
303346
75202
1074007
303116
1610466
729016
792564
1510939
282644
293619
543868
122316
1343451
1225482
966193
908802
254789
370595
1926240
1301968
1145944
64737
114004
1892701
1739798
1276725
1839591
500939
1967558
1285303
1346490
830256
1360505
274454
1133373
824929
1708866
1925937
895220
550862
778908
1439089
673178
681711
518528
1639371
1590513
1478712
569318
2076105
634637
1715262
2140842
1454036
21272
1734597
584719
1860863
794888
1111629
1000123
2141378
1941886
919981
975184
1634611
1744910
538007
1414505
1199482
1088869
752765
492528
321399
1434476
1716452
520122
1584341
1754516
1794835
1514403
243111
1364054
68554
1697147
2090721
362503
841218
364894
1157391
512200
1365017
1858121
308043
844350
687262
1942654
1148612
1930665
1916511
202052
1578886
523233
1399975
1900286
517061
970384
274365
660754
578858
2069201
734509
1527364
1992607
803063
1783863
1937286
1870961
479039
156137
882309
991239
80506
1299782
2004677
924857
546396
1801288
2073469
331018
131108
834873
1909905
1359736
88806
1664148
1876797
1764585
497865
391508
902795
421023
1831412
989511
972983
488432
627332
764226
213350
1811766
1625758
1801054
1362357
1706264
1660188
1220991
1190473
60541
1581631
1823295
1096955
1712739
512125
1566212
926432
1306326
1789712
1362581
1630264
141534
313441
387016
1267953
2144853
1376528
94893
1192637
563212
1564514
2111382
228935
1044229
325745
150644
1309845
1985933
1371635
354276
605826
1512618
736923
1702781
1784709
1249048
1828345
1270493
1114727
1472014
487031
598948
172901
1505867
1691359
1440854
64029
1627239
1535747
1962061
44408
954218
1927400
978738
557799
107102
1129382
1867644
652387
1060369
781272
1258213
426944
1518195
1520347
65610
1326596
1202649
1336103
295280
1234016
382486
1599623
1406917
447705
1144939
701728
511734
626136
796827
327752
1375939
310397
814504
208635
1573591
921606
2043412
1295192
133345
957739
635817
1391559
2090078
713364
765863
715041
2039960
527864
610496
894592
1761880
992983
348172
1728149
40
52464
989229
1217170
1383995
1786056
104274
613891
655805
918779
1527921
83353
399737
2130686
2083941
533083
942382
573715
483994
1591812
1287079
1955252
160810
1886392
337073
771307
1340336
658306
323642
1688509
240412
323682
300325
1229642
100204
1684320
1575050
204479
857563
790208
1828653
239442
1578956
82347
224085
1516854
1320825
1871862
649921
1804819
1317631
496353
1614028
37794
942097
1951102
809101
136390
1168760
1838138
384251
2114567
721172
684576
1903561
821377
928248
1332569
1025856
1785812
682129
708466
584606
115042
1496208
1514086
191249
670991
1239905
841170
329767
1116888
2042918
1943796
1860077
838972
308207
523135
1680758
36319
215230
2065009
4843
1641798
1308938
1908405
317132
91143
1800326
1342988
1876955
336412
610806
1020913
451454
666366
388956
642703
1337357
188213
43226
226477
1305102
645496
24230
1019136
1484469
1037832
101624
1724579
1074151
1022249
1643545
1784389
518004
806440
1546751
835136
1602979
1201034
737476
1333891
1537446
2053677
208762
548253
574001
1303113
1896351
1911358
1491327
1939577
697187
650386
439031
721417
228874
482852
318601
1035893
61388
2098147
2058143
264285
1736494
1135499
1776121
1137202
529988
1233057
897589
1267464
1126300
994387
1880494
2040457
1542640
308452
1197528
1998344
779162
542812
1791878
1476350
1898593
790261
757119
686819
1978508
1781116
1722713
599248
1733220
194165
1568929
2029066
1329664
1199007
1725621
1859652
286021
477167
1686469
2117716
30906
1420920
2012131
132899
288724
1063616
2131243
1773281
165780
336430
1103588
2064373
1832087
420060
605149
1664552
55133
887214
823153
347705
1081379
246039
230729
265001
1445046
1956350
2124653
290419
992869
1665079
262092
1023775
1645351
833575
1862069
1934075
456543
1847269
1561314
622323
37657
1224254
1246048
1869744
203666
1851198
2093648
964194
592369
770758
1311900
233101
1016797
101981
498102
1021195
617683
1182107
1311614
1610552
1406539
133059
1193679
905847
966634
909706
693880
1423178
610932
814546
604853
1353984
598152
1850902
1783080
801819
115409
1730686
1766013
1413173
355401
1637265
1646274
2077594
1739246
2144376
952746
210886
1180441
823713
380790
440937
956772
133822
2052179
1923406
1043528
1305411
1905936
213812
2119957
364747
127149
572067
69606
1910229
2079281
185015
1494872
1699251
157540
409626
1190474
1803815
341177
1489072
361500
1999318
259311
1541941
676988
1345496
542230
1633760
1479318
1153762
2116519
376803
313130
435764
1296011
992440
800511
1423160
123859
1575512
1187346
57097
319879
1241571
315700
477420
210549
65526
135192
551726
1554599
496692
405001
1813910
597986
1081990
1013363
1845611
1275102
1052034
853330
1245578
1428837
1871856
1681343
1284200
718253
1041206
1266712
842112
1176071
308016
1604604
1495950
108939
1920304
532722
319488
1985831
667914
1576609
2099782
1870002
540962
327001
1027340
182304
2045759
1432303
16759
951750
844986
1262337
939940
570799
1503032
78097
1994447
1103591
1344810
690516
133619
212178
854472
188921
1026512
628733
721644
2051395
1173916
2094953
1481961
1127655
378264
582275
1454656
1405604
1469975
1354373
1397260
1486734
160080
96203
1308423
1100020
667002
1370808
1883513
1220801
328356
1082280
1911317
1167370
1999853
1325141
1356291
880322
1953874
2077935
1491069
981748
2026846
1532382
668755
259067
2114657
2123412
224024
1438589
1331742
1621284
779280
51174
276839
647056
1856590
1649236
2017864
1594060
723994
200177
1235692
1194663
2072942
1794897
373761
1283190
1234571
181592
1215083
579597
1868735
1801281
2111979
1096843
619700
2080593
1074212
843724
2078535
965306
318965
1417167
1721875
1301199
2064223
1432422
804392
495396
1585834
1528386
695573
675483
577006
1327867
324337
950767
465015
1558908
1837755
239450
697857
119799
2040731
663793
1216642
514388
1303739
850206
2063508
1941626
374864
941825
1212750
2096740
96982
1836326
1383119
901374
185679
822911
283718
1586648
57746
860724
768472
1087479
370844
1938882
1205739
62556
32289
1903597
182355
632372
421347
2104393
1852156
284438
808556
328973
80021
1183421
1270798
1998167
1839513
1367780
1688450
1781984
828507
433481
458852
1817620
2020129
1221994
1237696
1347954
163430
1608540
1140793
2074564
1671096
1878478
1832118
412804
1070202
812818
1076549
1481710
1097256
1885105
1810683
1177278
1627878
935439
1734797
1321348
862571
1277204
957290
250430
270037
2121537
2068050
849519
1902883
1159704
51430
2066313
622201
1897618
554187
852650
189405
240262
1970849
1259608
1053080
901355
595275
709689
1345812
965311
446319
827648
460102
35073
708348
2028068
2017672
224990
132456
141666
200485
54463
991185
2103368
1919562
1748010
582991
1101116
58938
1137178
513118
248343
2082835
1043319
67303
989873
1944674
1367974
1699562
1849838
187242
2145881
1236838
647344
740306
1945187
529369
611935
24134
1367220
753601
930014
2127079
304139
887340
1900598
611501
29683
1561066
670439
1166861
2074184
918783
1809048
971460
1691481
652878
1475486
913412
911792
1179282
1806049
1617025
270077
307350
211288
774616
1542115
1528618
798751
1468687
841572
288117
1449723
1145711
1175457
1909674
316564
1910535
1324697
987004
1636748
1958234
465139
1299754
1489046
10577
1952632
1523885
1629385
1423777
557124
1289391
1600154
1532596
1596742
370795
866565
1698209
1899413
1665316
1020853
594942
1953433
1029929
300005
1688243
793560
616570
1452735
677609
1603574
943441
489800
628065
802547
538199
638642
1314531
2062084
121984
592265
1178560
2116771
751772
565113
126822
1122567
1431678
1825031
875937
1656346
1405236
30232
23089
289122
330237
270684
1082682
946807
282771
319644
1109733
1931607
1514839
297150
588111
2053038
935793
1902643
1969079
1763172
1054260
1706991
293252
1806032
126062
420074
782556
117092
99062
1658494
332791
63651
248078
1061275
352773
578315
2037354
2140851
84475
174082
314452
1899603
2105690
1829291
50711
1253153
1736287
1691899
1009753
118675
2014423
623366
1825667
161633
283355
511081
581707
1065912
1333568
1386165
1283758
225711
1449816
91188
1286986
1802589
669503
1178297
356749
1459373
2057775
671201
1212934
2017422
1059845
1263645
1829927
1355484
809501
1399033
1474159
1383276
2022399
1859178
1544909
159711
929611
685969
1931018
117137
2072134
1774128
342848
1375907
1865316
189187
1737848
1094172
1367484
2094598
407502
1279216
1325151
1620436
1855990
238953
1443433
99227
1594437
812286
1498260
1627949
49520
1374616
1341084
153781
93679
124653
839750
584050
947185
765841
917530
1290033
701100
1342199
1479220
292906
290328
1406057
241461
697830
1244625
125964
877619
1659968
364918
175009
1759195
1959355
1692691
1111412
1441261
1742211
1045380
1341698
1895992
1139059
25703
1295095
282461
972888
2060936
1199992
822273
615994
396148
860846
1614295
686476
826255
415108
2089701
2070880
541072
1526672
1584805
905990
261034
1197957
1424698
1953725
163326
1425311
1549893
1208706
620966
2005237
907118
646669
1154289
1189579
178909
1774578
243528
1706578
949924
1345071
421381
418176
590899
1247636
1538679
534558
1172473
2079751
620582
1316631
1545094
881616
368545
823749
689298
1237267
103017
798543
1005325
723984
657738
1912443
2076048
371379
1661375
814310
2145957
464255
374845
949838
1809327
796226
2073409
254183
603214
1466045
1494136
335039
2105149
2114719
1651670
1504200
1555687
579568
181906
98943
1816835
284923
897486
676117
1714302
114576
1147913
203660
485956
1368640
1017970
1191265
1832895
1392815
700456
55531
42998
627822
1015110
1351607
653220
363203
1686646
612326
1037274
1192274
2116526
446919
1771842
857784
1251257
1986
1848102
2700
1383498
1416362
117277
385368
1620022
1308628
1754008
1197344
353850
213
444116
1054306
55744
1192509
241481
1070854
398073
894701
2139453
2084719
66379
1736079
1836345
742257
742350
21496
1600041
1993607
23482
1302100
555660
1406981
1277814
1378332
351701
1457188
540917
665062
508489
1600162
665275
1658000
508426
1426414
704466
1455302
351226
1102539
909355
344636
1746611
975734
640067
2142308
277343
1382418
17762
1877384
1229982
746639
1738836
1785642
7577
1576003
1723326
1064674
1592543
118200
289088
2101033
1718363
1659758
172342
786141
940129
876809
95400
1291355
538700
1004755
195343
844663
539841
1540806
840929
817184
777181
858691
1253920
2007163
1605330
1552108
206115
172260
982068
1929441
1942329
428569
606994
85374
1088954
884709
1745132
1261296
230202
1244613
697457
1030997
1095321
1236158
595104
1290664
640173
1134945
685427
1481102
511481
21960
899145
1765401
588476
1063828
1171466
1499986
1236088
712887
1988779
1737769
1141456
449730
1823143
789762
2039834
2127627
2051058
123993
1226197
602473
1154990
175475
397983
1750094
25492
1038156
1444391
1416314
1078611
1955872
2143670
1977756
1575230
586103
895541
1306049
2086089
690981
2018936
1928825
282707
1719744
937908
665202
363463
831699
1352181
973873
1661088
1137731
1576346
670035
2018601
533681
979482
603445
131190
277830
2019760
1209801
87660
576739
1746909
222242
1162842
496408
1528291
1808283
1892784
2106579
1591065
734844
1680280
1088325
2105441
2043743
1920025
1311580
871574
1435070
1008663
1007272
664457
881221
100306
203291
1484667
231496
481122
2063779
649
1274177
494475
1747558
1496419
216669
803318
1584063
2024952
550060
1544599
29326
1284904
1078837
1117652
1949697
1681932
1597029
1115234
1112858
1591451
683249
2120131
109865
1564471
74394
313157
1608490
1011285
1499674
85578
1011934
627808
1285448
613449
683579
61469
2122163
121599
2086421
526180
225551
2115747
370436
2009783
1087356
174090
1545672
538342
1994720
512488
2129793
531926
1191971
799011
655749
1971760
1817563
823591
837002
1171194
1614564
408288
358354
1459364
1727132
1041933
1520833
1703252
1163533
20563
788784
2094479
2136311
1159220
1958219
1783019
2038706
1357848
880714
446735
429688
1569859
1684056
181011
928222
899158
6728
599742
282101
1549125
330288
1896666
516765
688642
1209987
97855
289928
1290173
1801107
12813
1310736
443849
2107292
2006399
162421
1919468
202728
760479
1836668
1083442
1207214
120314
1212653
745228
1006720
2140876
1644386
1013449
1299970
1926487
1121926
1630259
236462
1638692
878253
5802
1736547
1168181
1295975
2097006
1180994
1166063
1100207
1142243
1026420
1968024
915668
1229148
582460
1311689
871942
1789675
2137398
2084595
1094255
998075
2079428
592598
570876
1938751
1078437
1692803
1422967
1314900
1890847
155177
1320702
1481351
2028754
1176029
2137709
1063705
196049
1797269
59906
1927864
1619250
1680969
1010969
55667
846615
442263
404694
1543365
380816
1498949
395398
1019596
650899
966274
812304
1729337
1218429
794623
898194
963233
949801
778248
1003936
1537907
1954277
995603
455569
709678
646829
1220870
491500
825431
1461192
61821
1586493
867159
504085
1991188
264482
1590296
2049489
1365275
463849
554346
185506
1981549
137640
1403936
630129
1741229
926521
139282
1078829
1930458
1677189
1592458
1485413
2132759
156093
2132242
1912981
1352988
1517025
1228130
2120205
957475
654642
478247
802620
919124
2068543
706067
138356
1091744
1260413
1029257
927250
2103448
992545
1557380
257986
1919067
1696662
1336815
262834
1227809
1488625
1748247
1919920
204070
1734446
1686858
1557059
1810823
1474341
1531221
622255
2128983
568820
1424876
1607459
491320
690295
305167
142416
510060
2039819
1069667
1172860
1591717
481004
1430846
1364741
31623
1327013
1627575
1964827
1374990
1229779
1738704
1579060
1523577
1984915
1695471
1893752
1313213
1080649
369964
2001548
208821
354192
22316
1405536
1044487
1032878
1547953
113899
926654
471577
1286759
372328
1657976
1276957
296421
1689599
1163322
483348
67736
392269
272479
1806440
530682
355408
1645312
80110
103117
1517877
1866155
473082
1373382
2074976
1532669
1395698
1334470
431114
987928
736380
1250408
473935
1913352
1096520
846263
1425285
227434
1848080
1674236
2096152
890780
1741972
1047773
1163260
1402370
1578455
78020
1607034
217918
181138
978869
2084073
1359615
206208
2013006
746241
161259
1906828
1882750
1149187
497165
987116
182474
969869
2083636
1028738
249111
870422
1436170
482700
1525926
180907
78629
427657
2049562
40351
565464
686935
1647386
783382
868073
480212
721412
787040
1391815
1293771
1533281
112426
1054556
1975384
1967009
111074
816457
3440
1080943
1459445
1737573
1330055
889219
1027700
1812755
269103
1914003
450736
1402155
376874
491088
1967619
1063809
2138474
604959
491234
1178038
2031766
1983669
1129205
1179494
1370908
1241632
88008
1905644
1062598
199082
1281453
1771433
1280025
594855
1362964
1169432
1484074
950016
1541539
312529
1423371
551628
1714684
359598
1042716
1536261
2128802
1740542
700572
473994
1477932
586295
311620
461094
1765790
241880
262078
413150
1481
2030071
612232
1282934
1655462
451609
437141
872383
180394
480568
381751
281285
793097
1805123
832913
361739
724073
1875629
457352
706832
29480
1863319
1886221
1507412
303571
51799
1968507
628713
999074
789937
1041863
1705951
673966
213447
1548237
183385
1370452
544731
1761163
1550846
1025299
2142914
1832131
377748
361346
519002
1444882
1085419
953983
1902234
351604
983464
1619510
91782
344833
482434
848976
872692
1111147
1848051
221982
712363
2113354
895948
1631205
1515548
1079333
1561009
2060279
1399848
965812
1644930
2102114
1357296
2022679
1022813
435650
1321518
2108232
1389633
1783105
313793
932449
1961967
1110971
1982678
298358
1959947
1414722
2114901
1661955
1636704
1386616
188618
386609
1577173
263519
25294
992140
177755
1425142
1957952
382038
2086609
1874600
258674
963379
164207
139544
1630963
113193
482001
504109
1045642
297926
1615080
1587672
596284
1428984
856352
1270537
1650292
347013
511110
1838910
733623
2088284
2102429
758917
934381
839537
743412
1451685
1926970
683978
1885638
744996
206709
2049845
1589935
1837672
722390
2071937
195738
327385
223820
370170
1915057
820104
1799155
625366
2090642
2008799
972380
1161104
261018
1706003
1103345
922800
1024272
597078
321689
327036
2048764
102616
1011014
1788359
1553007
1923118
251513
996899
1614748
1679299
922793
369838
2006684
1146613
740009
1775698
526070
1098516
960417
1176064
1666667
1932797
191125
1927685
52109
1999866
1409837
1781776
450901
1731526
2108813
1059017
393494
1679179
1406728
1946501
1456255
217594
797358
1630355
1896893
279503
2000193
316886
1426117
1299554
651936
511539
957422
1612353
246955
478046
2104502
1143475
965084
715963
997298
228878
351697
7552
519757
314467
1771964
913251
552998
1738045
1419105
568605
1955639
775815
52917
1706489
1055318
612463
2023375
1040787
1912017
1234663
111678
1428792
700974
358633
466190
659433
1502109
1431274
1375397
353364
219505
286446
1066311
739262
1306308
1397628
1652513
1859306
989630
1630970
281869
799226
260742
1040181
1065067
1316061
1652644
1647794
916200
2124014
736414
1027879
2112158
1437388
1386512
432305
656174
742578
1863580
590923
1801338
2083085
1582764
1427001
676304
743029
678586
888169
1161687
1668216
1078492
2908
321399
1339234
1043090
2091861
1214647
1255086
1593612
2130848
1233057
889379
1012684
1199172
886119
958548
1631478
1542293
1701127
2054410
692568
2061817
550804
129289
1342775
1932503
1577713
2021362
1380024
593358
102887
312473
1301661
1129682
1651708
198708
1075500
720312
1453795
1228465
1410512
1246204
2117844
982548
1004729
1563315
1941097
1195559
959566
55533
1103926
211486
2117350
1654730
1046171
2019477
542
477841
454148
1380566
1776594
557036
1693040
932213
1686718
1904100
1836316
1321570
478369
1144068
403992
448234
949625
1081188
1430782
1954354
498461
1225836
1709265
17379
1986764
667148
934260
1958071
881230
1980431
1831506
1587167
1017625
139611
821690
648176
1402042
368687
139741
942717
126744
1976058
118245
1310509
1679478
1227632
1758743
483060
868173
1748877
996766
2072029
1534066
1265383
2089408
1374787
491883
877625
1186816
1373113
1417409
1577674
1519632
288991
276637
195280
1642562
1678680
1269362
341656
1180749
1396107
171671
2004389
1265968
410501
1085979
1584063
1598957
513504
1186897
1155075
439490
574920
274416
382855
509060
766299
1965875
1695876
698765
1942636
1832902
72354
790979
2109539
267634
287499
201528
1536997
1334550
1382278
1492456
1506221
1240624
1317776
476074
885955
1461191
2075031
2104854
1207440
1084064
398301
341713
1358480
1486551
850773
684131
1306384
400606
1382896
1808372
792860
1455251
453309
1461751
282237
740808
1663280
378586
634710
1604910
430394
2140931
1404886
307522
1176357
850194
1768713
1105346
809005
830111
748762
1207307
1171824
666594
547815
2022597
1350725
413551
982555
587579
75881
1775415
602182
529190
1091123
1589814
1975393
1313755
1968401
464060
772622
958147
1164343
31466
1265670
194657
881660
888340
2005398
250017
1718451
608117
1457324
744232
1980106
564492
1326181
1184789
1683438
162693
331720
318671
1938108
1639297
1553256
1588584
1083068
2088001
756296
905426
1111413
1528919
1863574
129713
119737
1688596
1029766
1706792
430893
1594516
1956809
708697
761986
1973486
12281
596049
391935
1338463
340190
634725
1501156
671910
953397
1998617
165164
360610
510
1248233
302569
756806
713011
1413982
845077
1135937
103048
964814
678490
1838209
1230958
1814779
1992077
1041725
377433
608020
1574563
389714
1909465
1966498
1728177
103612
1160575
1788686
775523
2113972
200612
1646082
1033935
201122
1453667
1336504
957928
726031
1309838
362358
421320
2118281
1327172
1805206
1810447
1117483
1473942
215834
13165
410727
823854
1587728
800441
587276
2113578
1087971
1396284
1128110
1436009
731159
1801435
1636621
231198
689327
1837743
244218
585183
1355023
1675644
454373
1717381
2096964
426612
1603906
1756127
796411
575346
1789421
1012245
1293906
54105
395452
1440986
1559942
982728
1408521
501870
938364
1095983
497231
1669523
1456770
2133852
1900722
54
384904
704292
1290632
299279
233893
1745006
2016661
890209
25575
33876
500294
821986
609222
849067
393584
462480
903173
789036
1903466
1022467
331116
1165944
83689
1269481
821279
580920
792961
132007
1274124
1253035
837456
1659028
516679
2128089
1958307
750572
1727052
388277
1640782
311979
1127548
700428
1839360
1736770
1549495
792296
53207
1012020
1581332
516025
2034487
1912449
1681969
2118176
1741282
1062601
1258448
388200
1900003
386529
200588
591416
604909
717267
1278857
1122569
27192
1565261
1510846
1667974
1877240
492352
927754
129910
788474
331206
922206
1547077
2048622
357496
2063102
1937066
829297
158381
468552
424536
1220982
286352
1518131
1680337
672882
278071
125710
1277791
995339
1404568
254317
1022531
823786
324516
1249857
1260379
1522263
31568
1390289
870089
362774
871847
271123
970748
1229343
893578
761772
617992
1757354
1935719
1747923
832293
781423
1120012
366587
1454305
1398083
1197692
1291449
952774
1161612
105118
1975305
1985399
429634
1079119
1805130
511249
1110687
1754771
1381339
32814
480575
211814
1003562
269271
1105392
324686
887263
716703
819757
489144
108348
1601181
168508
1180330
1614838
125943
937375
760244
1078718
2098987
865363
1613375
497695
2000392
1251847
156782
365599
921886
470905
306290
1660095
951481
518104
517615
1220752
182849
1547696
2108015
1604947
926806
1156511
272648
381944
2030414
12330
1996782
10315
949705
1316379
1794428
1608045
741094
1967155
2105740
595443
1778354
821875
1666437
554198
1998175
1972727
68250
803613
1050184
1291260
2024365
1938428
1398309
545690
1397332
179072
261553
229332
1266411
145925
241663
1117150
861635
1896763
992881
1215415
1358765
1733975
1036527
2023858
888771
668839
1405085
1114560
1928432
1257217
1646640
1996682
2060831
1256176
1847295
498505
1048561
1099561
1749590
299850
1278633
2011144
1234578
399001
716421
1476241
75503
1578056
1226961
1773780
647428
439684
2067107
243307
1022894
809835
912146
281936
483748
694535
1539153
2130388
1250570
13293
1240521
1657217
1217194
848434
610735
820741
1853679
448720
1391237
942214
847721
2107658
272412
1628619
99023
58726
1256356
746451
1203805
1177421
989759
80656
546608
461257
362592
1735751
1861188
461097
1720096
1671110
1179786
1519969
1182284
956332
927755
1793019
336425
635392
95696
1727663
1577606
1648812
248630
409371
1131388
347654
468097
947097
1799500
1671902
2124518
643216
1752558
1230478
1809869
674502
820187
1525014
1840994
1099635
1050081
1580132
1178957
86322
390421
2106712
438693
726847
596061
534389
1013862
733020
742553
1262492
1142391
1873941
169498
1610488
674995
1968999
1841742
1358865
1171567
1448257
1148696
835393
682111
1968883
919759
377062
922475
529192
1957195
660784
1320909
201573
621454
1759602
1633815
1922910
853343
501634
509887
1595896
323479
211630
2029190
1198372
381470
1263537
1726723
77169
1181755
752248
1525426
184408
146993
61494
7248
1772148
1143952
1635118
155297
955104
149860
35559
1862072
1476709
1795161
1349845
1253576
1207857
410831
322816
1363105
1439705
1239841
1246252
492035
1621312
363747
72715
1698481
1545502
1530358
1077865
289262
236704
1844754
296510
2008852
842663
490980
723501
357119
1346235
759060
73149
676901
1113574
1422994
489830
175388
393177
1518041
97845
1832883
611839
1344098
884270
87108
267197
956985
1785590
372051
1046696
1422807
661313
1283400
1121518
1663218
1851604
523534
8155
1134457
880653
1354391
452870
953802
590644
1566444
936148
1080474
301184
1329326
1157867
399029
1721561
1769707
302479
459788
1856815
569676
2122168
55714
941727
1022821
1478521
162392
865573
1159392
1825610
571134
242278
1833766
1705592
1122931
1747509
12419
636086
192110
138215
1572234
1977980
1144794
1460912
989804
1543823
1036430
1318863
1846303
55570
1029636
975331
31696
1085350
476411
1054517
1123224
638803
1920091
841968
1023766
1050577
1084246
1416884
1315521
61134
1018350
2033335
697220
1915855
25507
828807
307144
1170301
849071
1296949
1273477
444854
469769
1679132
500424
58757
508420
532120
1849503
984831
145990
1532079
182987
625433
228004
1206753
1676010
1312250
477594
1550884
2078779
55296
1438176
629957
530503
23036
18116
837648
1898732
1572582
693949
1026166
2017436
1163718
559255
1077213
1927871
1773071
168685
190683
1317254
314675
1722762
1500241
940108
1950766
1266346
1175471
1116973
303292
580312
1049709
1063983
577840
239018
1594487
600876
962529
286092
353566
389069
1685436
2085127
965857
1408506
1203735
2043070
1190334
830763
65713
1381017
1974
1085783
957736
61568
2025892
1467854
2033309
1760715
438784
190559
900379
47846
1959937
1478219
992259
1408381
638448
1954789
253825
992014
903210
1939261
931098
1869067
1201725
2134833
1766095
951411
1524948
391160
186386
1526923
1476943
1849517
147843
2062187
1171329
35109
1676859
169465
931063
1136590
922706
744958
468767
1914966
712691
1812610
283064
1671912
658581
1186274
1465130
149031
909298
1226207
843217
1234745
31576
222122
1625905
923357
308397
956806
1332226
456240
872950
1062907
1196745
1109162
1232373
687160
99709
714431
2137513
1273871
483354
704162
940438
766418
230031
158371
1952692
254513
1012798
1421343
40073
1856015
1215440
71649
2078137
695303
1700401
945887
211461
1591979
2107522
1789806
508844
1158224
1458320
300569
404737
117382
1015000
396207
2096648
1498355
1805764
1596439
824125
595147
1754810
1336170
1555056
621565
611470
1595129
1036932
1826910
226130
969027
1081565
485883
1914914
1998421
2077862
435745
1642185
440663
153322
954462
741232
558059
1777239
315585
1659661
1727845
1813940
2024778
1178241
1197417
473882
787008
387544
588290
2113969
1704409
37376
1004858
1385277
968901
533237
1026194
1454784
1007503
878573
2091999
1443249
1080110
1092014
1596571
593924
1833247
713982
225121
708184
227600
1952966
376081
106335
1690559
132850
1285613
1036919
520395
1873903
1004845
78761
470632
569056
23390
2144928
1807688
1754980
1453670
669149
487510
2105021
671750
126972
1050992
122278
720896
1443591
1541655
1651412
5732
1769255
17687
1087208
434943
1708246
1220059
1720556
599123
1740454
7768
163320
1819215
478400
1437771
401958
477286
1099417
10895
490308
1768566
1203800
1154681
999668
1330772
59630
1827341
611020
1503222
1222953
116390
68306
846165
839472
1155515
1986503
401676
229531
1561016
1706194
1969985
128137
1869514
202509
1311932
1161243
1309862
348570
820012
1320757
1544273
1147930
1083909
552911
1555
268638
612542
1828896
1585054
675116
905806
260796
743422
311323
1100268
1898937
151784
61296
687820
272152
1767490
1217157
400289
50314
2125062
1712222
1916952
1288881
620144
590921
1168991
18375
1738851
106857
571286
299758
1080891
1889223
2128654
519902
1123691
1593812
780698
1867114
1905135
440318
179360
616271
501615
867181
1593819
828457
643690
553460
878771
622709
825034
1355075
470943
1445179
1945996
1639934
1463554
98156
306143
2034840
397914
1387034
337373
1085920
1906936
1461064
533689
1246986
1182135
998177
1687305
2066891
1614448
748272
1493424
1767619
1576729
2137114
175037
309458
1319176
1000071
1664533
1790119
299207
23839
1989405
1762761
827390
854900
210911
1225305
95892
548284
165182
562180
568700
698872
368519
310188
256401
2055824
231036
430201
658053
283812
51778
794134
980278
226815
1103592
153411
1226886
1327478
502882
85446
2056712
1051639
1848207
738059
1906540
618470
1963364
561784
1872149
687899
1123964
294807
2092166
51835
604995
202524
2107659
1541426
632725
1325064
1825238
1389898
2119199
1364868
1616713
1782143
77632
1402952
1668973
1285909
1488398
1579642
191506
1895957
171659
657398
368385
694375
1924577
94491
2087669
1607893
1094693
2033792
1659729
1699688
795668
1621345
1800466
1428394
1505762
39013
672249
38270
1403882
848315
1820413
1481514
105224
2048739
621380
1593622
1482338
1518281
2048931
213349
735031
271273
1613120
513565
1071160
1554746
2121459
19810
1442496
1635145
278851
92121
1815842
638669
79867
1175561
677683
1457512
1919226
2081565
865179
152949
2122431
970403
55645
597768
1123377
1537983
2116050
1026265
310685
705038
2002934
1923805
1923999
928051
1332508
1899415
1653256
1334356
1388517
491459
2131873
1763711
1130129
65697
1498625
367164
82561
1271808
302686
1653135
1424757
279074
1182890
1480402
1582237
160224
1577738
111596
1891885
1888423
1522030
308128
1666185
1299986
1941574
1558045
1053358
8139
746359
1001227
499599
732189
618895
189080
1503281
2117520
556244
145195
1948681
1564325
1798330
1227395
402751
835178
561755
1984988
1700797
2139493
2096585
5991
1881873
31924
314119
2107410
1331910
815045
1519412
944620
823185
119728
505199
1322784
1557312
1829489
71216
914551
1800967
1332855
1059746
1603605
751137
1417428
1390352
1859283
106563
1952107
1698228
366713
504909
208122
372704
240739
240046
1392219
907501
131308
61221
280871
1781323
884406
400599
140479
766542
1957912
1969969
1543153
1431815
184245
729965
1050913
347202
40454
322298
1737554
1899737
1134257
1543619
11275
1500970
2048528
219397
433026
848620
1164839
1825245
1756121
2001542
445819
596344
1636823
1330225
1702339
336654
656120
73560
160580
53230
1505375
344825
1488591
410245
692027
1529045
1437938
988934
1282740
426152
1091905
1294015
486474
1699785
72764
919501
402362
1942998
1304098
717836
357850
1749917
1314180
1994673
1639495
870476
185284
854967
944036
1051260
908197
1008763
2101480
956140
2124403
1352860
339143
1416299
195751
181235
401803
1287656
34602
888278
841398
107366
1807779
1949156
609717
1671229
520949
967567
1275104
394481
1521592
1473951
1970353
266228
182875
1473741
1317488
1796467
336462
1272926
606565
314822
1185138
1651103
290473
1380889
1832338
692277
522502
1866940
1580555
1363900
533658
1947686
1872408
1848770
1472872
247314
1375689
1307328
1347191
751238
1340631
1171501
1722862
1523506
1204594
894307
1173931
100408
726585
339848
415231
471075
1990951
1411099
1851964
236598
2103376
228423
2103538
97240
151676
1196548
604278
2024084
899276
2077151
830751
834317
1943831
737294
1585556
1138420
468147
1162375
1221278
1672741
616034
954561
1773150
2048015
1294409
747733
373047
1844712
12789
784364
2081310
675518
1718182
598157
772758
1869858
354058
1377037
307252
1958729
2013540
1843398
647003
370680
434649
791911
68452
1608191
513638
1289731
1134889
1129673
98249
1467391
1737040
2098054
774476
669439
356075
787266
13155
996738
22136
1731338
1594895
794894
14505
1948953
731283
321757
320991
1304175
724507
967995
234208
1864551
1759906
302660
1326699
127502
151743
1020941
1962570
955388
1047684
112919
907399
1822161
1487753
1968869
1168779
1500909
819564
1190915
1086204
973812
545161
1100709
776722
1981840
2127862
1803109
1845367
706326
625061
2079575
1130230
944319
236193
1016281
1071821
387936
2037222
1593743
1343324
1644259
1706662
810075
1320377
1753768
632902
1048508
1108634
11818
798775
48795
985630
1343936
1854899
1762353
1885128
1836718
2124814
1584453
1102397
603832
1517985
86584
1548151
313530
1102865
1179325
701467
1699440
1332420
604143
1197656
1598435
1414219
1077385
1206160
606473
2125893
168751
618291
778625
922941
1603922
681913
1337192
1925627
420999
1027868
1904398
564804
689617
1067582
642141
1481596
1175085
955672
1143813
913762
216491
1402605
100140
820634
454218
1698575
794205
90955
758692
2106073
776200
1632838
578322
1554825
1115131
741596
796091
306280
521180
1922485
2039543
984930
341246
1288512
611864
1688782
624065
1786949
498411
327231
554669
714902
1729836
1360204
94889
743407
1618131
889094
834362
936175
849125
1610563
422970
2132842
1724740
97453
728395
374788
403733
1954970
856625
1002629
1499252
1197871
145098
2111116
740611
1474559
311374
1944417
1801790
1571438
1218672
1385583
785599
1313561
2128990
257687
762007
1522705
1193862
170484
1692620
176184
157283
1271317
273637
1591073
205458
1382766
2105395
1062083
239352
17956
819307
1089845
688424
119270
418361
999799
2063687
779503
425194
1136316
19044
1916189
1009229
707386
27833
1771237
789443
1927091
1941721
336020
662627
658357
166690
1641660
808782
372148
878383
1473530
1434231
1823130
1491486
812890
1472327
33868
932160
1890689
1739062
1555200
1229544
18213
1250868
1953983
1934402
114055
1220722
521588
1885292
2010165
1008031
240322
905538
1670658
1604074
1072228
1871670
972209
1444376
604010
299696
1437959
986492
350534
104807
312777
384402
1036967
762818
682816
446124
551714
701030
256345
359655
1194784
370400
1580377
275724
815044
1444499
1283755
1760761
203994
1513766
1218793
1276222
1239393
44959
1279950
402756
1050050
571867
2094643
1400584
676674
966772
344339
272993
288942
1027155
1424513
840657
287537
1680858
1200312
1482322
610610
634646
317398
1425654
638497
160506
1745767
842492
1674272
818517
678066
1473017
1568871
517369
435125
1178273
1089236
383726
432815
325262
1350498
777154
598255
1639441
363661
2022768
334055
651199
116935
93719
692873
727545
728365
1010271
712551
1366862
1170777
312276
768706
1404401
1836188
6125
731376
1964412
523494
1871896
996642
172082
109579
1429457
497344
19430
765963
1095599
1658871
1129625
1677720
552278
340176
354007
645997
1033049
1786948
2079757
602672
353456
2005971
1773450
665732
628635
1737203
1061273
1340155
1027931
879642
1863649
753785
1876284
2035731
1568759
1865094
387032
1588189
1190409
41983
1806412
879386
279055
918042
1219562
633063
1564039
811963
273968
57105
1414636
1332819
2063077
1747438
557904
545669
1338598
1619177
445176
220487
1058171
162782
974272
788412
757865
396988
1212858
1850292
544530
257225
1892275
204899
1136611
730683
1122942
915526
1363746
1246333
1727489
197066
1303439
1701477
1529885
1220473
1302872
2087789
325494
495428
120275
770670
1421310
1178446
1638847
249539
526211
250669
1351922
1739069
2100961
1896452
555646
406545
660704
251610
1137228
1783646
1167136
1060326
1589331
1453977
1962787
746727
1009412
2052025
526552
871636
553123
1557441
1367064
673399
887463
642331
1851845
380267
1597265
232013
1336331
1508540
530435
1996644
1964344
1791476
962542
479005
2043086
2099770
116608
1769574
1719449
265292
1077509
95545
1012019
646273
1527
97924
1517909
554651
1655365
1444326
1228050
396786
646009
1639247
1482448
97232
430613
672737
165124
1666443
1228733
2129468
1311876
45232
462431
1914315
2145003
1284434
1537846
277761
1549726
1174707
373306
1121098
1820980
1080229
1924417
1898242
1634880
2139134
1196525
1422282
389877
1842534
1620881
431678
499118
2051494
1809810
664242
1571894
892500
1353063
1443123
937733
1815494
1211395
1642088
1659280
603198
1919849
1768359
337258
852507
1448809
12195
492088
1227183
1910437
2126968
1220274
1666314
2108602
169504
1362806
1583441
601182
421276
48244
264949
1790914
179491
1862844
997934
1622614
654534
1372780
1393361
150579
1591412
555911
629780
1213728
893169
1482288
516494
905365
533728
303029
1375154
514654
1523304
895426
1182608
252160
817584
620006
1558737
1944255
668251
383038
1589126
847742
99839
1146412
1029708
754374
1078544
277026
904953
523914
832937
94086
296994
1726107
135726
1518884
1190824
669454
1821913
1125330
1184108
1904569
580108
926069
10686
2103087
1546075
1569423
1901300
773678
1952461
2049778
180772
611653
1755543
1915875
1366027
688044
46858
830332
1211958
1585191
924418
68305
1870650
1060144
1587189
1620826
288951
1968454
600113
32411
1726981
1885617
958480
297019
1842661
358513
425795
1597918
1837586
937608
61006
2018359
1549261
1816549
1788191
1474640
358550
394402
158930
129861
538945
1788743
198166
968947
1408240
344707
443730
1697191
167118
1749238
1729602
453451
1488812
542040
1455866
1890826
1605948
1881661
2048096
1297491
673226
2109102
1875202
781840
1779608
1517351
110437
697511
471105
974762
827372
1715445
1322858
1730933
538349
1290450
2075640
1687474
841598
802110
1290669
1130552
1960957
1338834
231944
1270780
1083617
397244
1006398
985670
1694736
238976
1654125
2129290
1726211
1287690
1500598
396001
1985201
531055
1370763
1371925
100457
1252973
956815
638806
397380
1591807
180237
1944373
953270
30259
928883
768184
2074488
1866222
2038964
1012062
117424
1604714
557084
371512
403042
65166
354759
2129254
2058252
414710
379212
1897410
945765
309327
1828688
1751618
1562301
1344855
949776
519033
1496015
1130014
317364
303242
1865668
1951642
1776821
1794113
1671821
229094
1365527
348597
1833808
1922611
720109
90807
547130
1074869
779413
459339
1489579
1158625
916101
994696
27305
1304141
600271
1589606
502954
1550048
2108639
1998969
1239414
985355
861563
959039
790954
492341
1312504
316733
721435
1237383
665330
1114595
1719346
2090835
1910797
120433
1019661
1249563
1285167
363197
262145
760621
2063288
994845
2064762
517517
438408
421673
626917
1106400
979994
1866331
2091755
400909
1384722
736667
893250
1256578
1758795
174037
347918
983477
1994027
2067264
1633664
318134
41655
507282
1567697
2032217
1575874
389194
646795
1493120
1384040
565515
569989
381800
1692583
1196906
1488200
1231930
917194
2139308
1632839
861268
1435327
1085442
2117846
1753474
1964874
1025116
1296303
1812859
946337
783925
2130993
1693387
1291207
111999
1579562
1426434
501193
80314
1478906
1885233
1351224
2048895
120991
897765
1099758
168543
689047
576304
161808
175843
2142967
1597135
1261285
674122
1909961
1785512
1699238
1060222
1452328
499532
1844147
2142673
46877
1694706
108629
185791
1680492
609822
971500
1013355
1054408
176682
916207
1175399
1779842
575317
1343942
322846
1857016
65103
1204084
1853940
221590
1024722
382019
2131552
664191
2081257
1045731
675871
1140142
1449230
1377896
1892414
1703288
1486525
2078205
1237738
655699
903662
105050
269459
1785739
1726653
1444858
1419538
155927
1348153
301736
2012944
1413256
1505821
280193
1634846
1089895
662213
179707
1754086
1302822
1930833
283914
296921
1234020
221162
43292
1496661
267039
2121497
588356
1628133
1584512
1398801
1897593
1224208
979411
1901803
1203099
1840734
1103913
1504835
266987
1076521
1570008
547180
1270720
1219255
1209393
1450427
827298
1071568
1235218
1816607
1368489
1028590
2037769
2117177
379208
158765
2092631
1672959
1786899
90452
1631113
97801
1314661
464481
1999604
1077112
864567
957475
1141299
1131554
593348
1270660
1678735
1864068
343872
1447480
1168453
1876566
373005
963023
1547130
300847
550965
2144252
271981
930174
862369
923964
1162485
1208620
1014417
647555
1306421
183035
1817432
1159983
1260147
535956
676810
960798
226863
1270158
85415
1905598
988184
429288
1912430
715989
159811
844788
238364
266293
1145635
789329
264502
1417616
1719503
1832267
195537
1441341
894844
1209954
2088896
760618
2098384
1760285
479953
1917883
855594
1862158
732639
1082457
986273
818054
1547407
533809
1952737
1313794
1955193
2112548
717934
47514
232799
1863569
836844
1202696
1840537
1115699
888920
2036075
410997
343117
1805381
1059246
1809130
317075
1378883
143040
794310
793829
564550
86301
1876286
1550823
1609751
1983045
643985
1416445
1150797
453135
2088346
1868731
1206045
175102
145610
2042889
2083193
1986147
1717940
826071
435531
688290
1874583
800265
1747536
1537670
1822735
1685771
1680710
471002
333558
99217
1262699
63801
209392
1431802
2046847
1558772
1407599
1756996
571260
1349902
39036
1777305
84356
890041
233503
21507
730146
1951443
847578
1871072
493690
576118
525294
800578
673140
201986
340307
207807
1378384
673865
1012419
1200435
1443061
1927206
486194
2049260
2045331
1893793
219565
470548
1097653
258602
807205
1887404
1148643
1040708
1908911
438141
1551503
1315841
163171
604546
451311
688465
1405124
1124451
1595847
304783
2037653
1533583
1684043
1609424
587975
1686457
1390588
1074169
1589674
1995271
1527314
1809240
319776
478924
627194
1126981
925681
1775837
21646
688549
773331
132501
2004391
936502
737047
309659
184319
701524
1434111
1780166
1711702
2031116
1873101
1249703
1494498
315033
790117
739043
1389202
939143
588271
770474
602340
1613442
1954793
1229534
594380
734431
1564724
1321421
2128376
192012
13274
546076
1833909
750322
1561130
2018228
11198
1554593
211704
1722900
1439667
2084805
1531955
788122
253796
881424
86517
202350
1820568
1380183
1678219
982260
847582
46322
771147
1314
1486148
895223
2028130
1468481
1792630
2041404
573909
1480496
1351078
2135040
2058076
1362276
1543590
829132
1644529
837214
767895
1030441
1625336
1727086
1911866
1711853
488788
145743
1651388
20965
1833398
352927
772682
1163897
1059636
112787
2059120
941723
140621
265059
837085
714530
1745555
42120
703527
216941
2109792
101075
1046073
1608278
1643684
1813968
492676
1122978
2100406
963894
1394183
443152
1815032
899529
1169512
1502388
1957851
501546
1225637
871445
614333
1138715
1813168
1460349
1403774
1209605
28837
1708682
1957121
1437759
1925623
480222
1538834
1531048
2088500
1741871
1198974
1140528
1424201
1858732
2104423
672341
861236
332764
131222
590100
394504
648426
1091646
1620142
1519871
1705980
1318209
1892391
1020286
575940
1661349
1754518
843974
31779
1046235
1328949
512001
1144421
713955
454458
740249
472281
1594986
18407
184970
112718
1396144
1751602
1150878
1527366
195659
1545382
735144
1287306
1019481
814367
1552638
191647
560716
1132276
1472983
781417
740752
876309
813196
346339
59216
1325197
1490760
773171
339007
84967
1950847
493345
808769
2135817
606064
58870
300728
316294
145589
496388
1861676
880733
343046
1440510
1695101
1895684
191509
815169
1587312
223844
155938
887416
1100154
969134
1233755
1864765
853683
1283868
491893
1192690
2074230
296697
1686035
736956
991866
851451
1501222
1292595
1873140
1646811
348335
1588774
1086896
691381
1588636
1341349
1146417
1780145
715870
587686
2003990
871808
1475103
958101
1840942
1268210
676823
1253977
406035
1874111
1006019
1039617
730160
1251407
1776574
281378
662210
1131753
133325
389308
1337916
481660
1978082
984164
1878436
1420675
179471
878810
1760172
1600736
25849
1618119
326502
60304
1135572
726796
1328514
371747
1980774
293902
805210
840750
1333519
94722
2092157
1669445
376101
608325
1360550
1214821
997633
552423
255834
1535067
95940
2134270
1515094
980806
1572433
1129223
435499
1598282
1306695
762001
1658586
1001619
48150
1546452
1373367
2028924
1840354
737929
1429026
1733226
832652
2080536
1256628
1914148
1248213
1176531
982926
805198
1728954
1944155
194222
384246
1932383
268668
1365052
2064168
2103286
1800552
1516407
1263938
1121905
1734345
119515
1170055
1134754
52234
1758331
1534461
790163
1041315
1121644
1622815
975808
937624
2096315
77978
2114155
933199
883176
256419
1436706
1782793
640665
1223046
610813
2005718
1141171
568056
219579
1216930
391347
1341484
805232
1216257
1070892
1939987
1268491
683180
2033800
618006
1724495
1009401
94779
1259655
506377
750446
2043028
1179885
1683645
1485556
1436304
974309
1827701
636321
756707
292471
1201391
457231
1565923
1420970
233513
1957270
1321807
1038746
1027484
952051
1538085
855327
1635231
2131237
1473333
1919079
1699990
127464
1738086
60324
877911
194424
1240209
1120908
1679980
1235865
654569
1361639
1872187
2116672
213462
927535
427860
1779385
907858
1366768
149964
789017
964866
1177448
1741068
1062303
592127
1935651
1047497
2065461
268039
601444
46882
2006126
1367164
0
0
0
0
0
0
0
0
0
0
0
0
0
0
0
0
0
0
0
0
0
0
0
0
0
0
0
0
0
0
0
0
0
0
0
0
0
0
0
0
0
0
0
0
0
0
0
0
0
0
0
0
0
0
0
0
0
0
0
0
0
0
0
0
0
0
0
0
0
0
0
0
0
0
0
0
0
0
0
0
0
0
0
0
0
0
0
0
0
0
0
0
0
0
0
0
0
0
0
0
0
0
0
0
0
0
0
0
0
0
0
0
0
0
0
0
0
0
0
0
0
0
0
0
0
0
0
0
0
0
0
0
0
0
0
0
0
0
0
0
0
0
0
0
0
0
0
0
0
0
0
0
0
0
0
0
0
0
0
0
0
0
0
0
0
0
0
0
0
0
0
0
0
0
0
0
0
0
0
0
0
0
0
0
0
0
0
0
0
0
0
0
0
0
0
0
0
0
0
0
0
0
0
0
0
0
0
0
0
0
0
0
0
0
0
0
0
0
0
0
0
0
0
0
0
0
0
0
0
0
0
0
0
0
0
0
0
0
0
0
0
0
0
0
0
0
0
0
0
0
0
0
0
0
0
0
0
0
0
0
0
0
0
0
0
0
0
0
0
0
0
0
0
0
0
0
0
0
0
0
0
0
0
0
0
0
0
0
0
0
0
0
0
0
0
0
0
0
0
0
0
0
0
0
0
0
0
0
0
0
0
0
0
0
0
0
0
0
0
0
0
0
0
0
0
0
0
0
0
0
0
0
0
0
0
0
0
0
0
0
0
0
0
0
0
0
0
0
0
0
0
0
0
0
0
0
0
0
0
0
0
0
0
0
0
0
0
0
0
0
0
0
0
0
0
0
0
0
0
0
0
0
0
0
0
0
0
0
0
0
0
0
0
0
0
0
0
0
0
0
0
0
0
0
0
0
0
0
0
0
0
0
0
0
0
0
0
0
0
0
0
0
0
0
0
0
0
0
0
0
0
0
0
0
0
0
0
0
0
0
0
0
0
0
0
0
0
0
0
0
0
0
0
0
0
0
0
0
0
0
0
0
0
0
0
0
0
0
0
0
0
0
0
0
0
0
0
0
0
0
0
0
0
0
0
0
0
0
0
0
0
0
0
0
0
0
0
0
0
0
0
0
0
0
0
0
0
0
0
0
0
0
0
0
0
0
0
0
0
0
0
0
0
0
0
0
0
0
0
0
0
0
0
0
0
0
0
0
0
0
0
0
0
0
0
0
0
0
0
0
0
0
0
0
0
0
0
0
0
0
0
0
0
0
0
0
0
0
0
0
0
0
0
0
0
0
0
0
0
0
0
0
0
0
0
0
0
0
0
0
0
0
0
0
0
0
0
0
0
0
0
0
0
0
0
0
0
0
0
0
0
0
0
0
0
0
0
0
0
0
0
0
0
0
0
0
0
0
0
0
0
0
0
0
0
0
0
0
0
0
0
0
0
0
0
0
0
0
0
0
0
0
0
0
0
0
0
0
0
0
0
0
0
0
0
0
0
0
0
0
0
0
0
0
0
0
0
0
0
0
0
0
0
0
0
0
0
0
0
0
0
0
0
0
0
0
0
0
0
0
0
0
0
0
0
0
0
0
0
0
0
0
0
0
0
0
0
0
0
0
0
0
0
0
0
0
0
0
0
0
0
0
0
0
0
0
0
0
0
0
0
0
0
0
0
0
0
0
0
0
0
0
0
0
0
0
0
0
0
0
0
0
0
0
0
0
0
0
0
0
0
0
0
0
0
0
0
0
0
0
0
0
0
0
0
0
0
0
0
0
0
0
0
0
0
0
0
0
0
0
0
0
0
0
0
0
0
0
0
0
0
0
0
0
0
0
0
0
0
0
0
0
0
0
0
0
0
0
0
0
0
0
0
0
0
0
0
0
0
0
0
0
0
0
0
0
0
0
0
0
0
0
0
0
0
0
0
0
0
0
0
0
0
0
0
0
0
0
0
0
0
0
0
0
0
0
0
0
0
0
0
0
0
0
0
0
0
0
0
0
0
0
0
0
0
0
0
0
0
0
0
0
0
0
0
0
0
0
0
0
0
0
0
0
0
0
0
0
0
0
0
0
0
0
0
0
0
0
0
0
0
0
0
0
0
0
0
0
0
0
0
0
0
0
0
0
0
0
0
0
0
0
0
0
0
0
0
0
0
0
0
0
0
0
0
0
0
0
0
0
0
0
0
0
0
0
0
0
0
0
0
0
0
0
0
0
0
0
0
0
0
0
0
0
0
0
0
0
0
0
0
0
0
0
0
0
0
0
0
0
0
0
0
0
0
0
0
0
0
0
0
0
0
0
0
0
0
0
0
0
0
0
0
0
0
0
0
0
0
0
0
0
0
0
0
0
0
0
0
0
0
0
0
0
0
0
0
0
0
0
0
0
0
0
0
0
0
0
0
0
0
0
0
0
0
0
0
0
0
0
0
0
0
0
0
0
0
0
0
0
0
0
0
0
0
0
0
0
0
0
0
0
0
0
0
0
0
0
0
0
0
0
0
0
0
0
0
0
0
0
0
0
0
0
0
0
0
0
0
0
0
0
0
0
0
0
0
0
0
0
0
0
0
0
0
0
0
0
0
0
0
0
0
0
0
0
0
0
0
0
0
0
0
0
0
0
0
0
0
0
0
0
0
0
0
0
0
0
0
0
0
0
0
0
0
0
0
0
0
0
0
0
0
0
0
0
0
0
0
0
0
0
0
0
0
0
0
0
0
0
0
0
0
0
0
0
0
0
0
0
0
0
0
0
0
0
0
0
0
0
0
0
0
0
0
0
0
0
0
0
0
0
0
0
0
0
0
0
0
0
0
0
0
0
0
0
0
0
0
0
0
0
0
0
0
0
0
0
0
0
0
0
0
0
0
0
0
0
0
0
0
0
0
0
0
0
0
0
0
0
0
0
0
0
0
0
0
0
0
0
0
0
0
0
0
0
0
0
0
0
0
0
0
0
0
0
0
0
0
0
0
0
0
0
0
0
0
0
0
0
0
0
0
0
0
0
0
0
0
0
0
0
0
0
0
0
0
0
0
0
0
0
0
0
0
0
0
0
0
0
0
0
0
0
0
0
0
0
0
0
0
0
0
0
0
0
0
0
0
0
0
0
0
0
0
0
0
0
0
0
0
0
0
0
0
0
0
0
0
0
0
0
0
0
0
0
0
0
0
0
0
0
0
0
0
0
0
0
0
0
0
0
0
0
0
0
0
0
0
0
0
0
0
0
0
0
0
0
0
0
0
0
0
0
0
0
0
0
0
0
0
0
0
0
0
0
0
0
0
0
0
0
0
0
0
0
0
0
0
0
0
0
0
0
0
0
0
0
0
0
0
0
0
0
0
0
0
0
0
0
0
0
0
0
0
0
0
0
0
0
0
0
0
0
0
0
0
0
0
0
0
0
0
0
0
0
0
0
0
0
0
0
0
0
0
0
0
0
0
0
0
0
0
0
0
0
0
0
0
0
0
0
0
0
0
0
0
0
0
0
0
0
0
0
0
0
0
0
0
0
0
0
0
0
0
0
0
0
0
0
0
0
0
0
0
0
0
0
0
0
0
0
0
0
0
0
0
0
0
0
0
0
0
0
0
0
0
0
0
0
0
0
0
0
0
0
0
0
0
0
0
0
0
0
0
0
0
0
0
0
0
0
0
0
0
0
0
0
0
0
0
0
0
0
0
0
0
0
0
0
0
0
0
0
0
0
0
0
0
0
0
0
0
0
0
0
0
0
0
0
0
0
0
0
0
0
0
0
0
0
0
0
0
0
0
0
0
0
0
0
0
0
0
0
0
0
0
0
0
0
0
0
0
0
0
0
0
0
0
0
0
0
0
0
0
0
0
0
0
0
0
0
0
0
0
0
0
0
0
0
0
0
0
0
0
0
0
0
0
0
0
0
0
0
0
0
0
0
0
0
0
0
0
0
0
0
0
0
0
0
0
0
0
0
0
0
0
0
0
0
0
0
0
0
0
0
0
0
0
0
0
0
0
0
0
0
0
0
0
0
0
0
0
0
0
0
0
0
0
0
0
0
0
0
0
0
0
0
0
0
0
0
0
0
0
0
0
0
0
0
0
0
0
0
0
0
0
0
0
0
0
0
0
0
0
0
0
0
0
0
0
0
0
0
0
0
0
0
0
0
0
0
0
0
0
0
0
0
0
0
0
0
0
0
0
0
0
0
0
0
0
0
0
0
0
0
0
0
0
0
0
0
0
0
0
0
0
0
0
0
0
0
0
0
0
0
0
0
0
0
0
0
0
0
0
0
0
0
0
0
0
0
0
0
0
0
0
0
0
0
0
0
0
0
0
0
0
0
0
0
0
0
0
0
0
0
0
0
0
0
0
0
0
0
0
0
0
0
0
0
0
0
0
0
0
0
0
0
0
0
0
0
0
0
0
0
0
0
0
0
0
0
0
0
0
0
0
0
0
0
0
0
0
0
0
0
0
0
0
0
0
0
0
0
0
0
0
0
0
0
0
0
0
0
0
0
0
0
0
0
0
0
0
0
0
0
0
0
0
0
0
0
0
0
0
0
0
0
0
0
0
0
0
0
0
0
0
0
0
0
0
0
0
0
0
0
0
0
0
0
0
0
0
0
0
0
0
0
0
0
0
0
0
0
0
0
0
0
0
0
0
0
0
0
0
0
0
0
0
0
0
0
0
0
0
0
0
0
0
0
0
0
0
0
0
0
0
0
0
0
0
0
0
0
0
0
0
0
0
0
0
0
0
0
0
0
0
0
0
0
0
0
0
0
0
0
0
0
0
0
0
0
0
0
0
0
0
0
0
0
0
0
0
0
0
0
0
0
0
0
0
0
0
0
0
0
0
0
0
0
0
0
0
0
0
0
0
0
0
0
0
0
0
0
0
0
0
0
0
0
0
0
0
0
0
0
0
0
0
0
0
0
0
0
0
0
0
0
0
0
0
0
0
0
0
0
0
0
0
0
0
0
0
0
0
0
0
0
0
0
0
0
0
0
0
0
0
0
0
0
0
0
0
0
0
0
0
0
0
0
0
0
0
0
0
0
0
0
0
0
0
0
0
0
0
0
0
0
0
0
0
0
0
0
0
0
0
0
0
0
0
0
0
0
0
0
0
0
0
0
0
0
0
0
0
0
0
0
0
0
0
0
0
0
0
0
0
0
0
0
0
0
0
0
0
0
0
0
0
0
0
0
0
0
0
0
0
0
0
0
0
0
0
0
0
0
0
0
0
0
0
0
0
0
0
0
0
0
0
0
0
0
0
0
0
0
0
0
0
0
0
0
0
0
0
0
0
0
0
0
0
0
0
0
0
0
0
0
0
0
0
0
0
0
0
0
0
0
0
0
0
0
0
0
0
0
0
0
0
0
0
0
0
0
0
0
0
0
0
0
0
0
0
0
0
0
0
0
0
0
0
0
0
0
0
0
0
0
0
0
0
0
0
0
0
0
0
0
0
0
0
0
0
0
0
0
0
0
0
0
0
0
0
0
0
0
0
0
0
0
0
0
0
0
0
0
0
0
0
0
0
0
0
0
0
0
0
0
0
0
0
0
0
0
0
0
0
0
0
0
0
0
0
0
0
0
0
0
0
0
0
0
0
0
0
0
0
0
0
0
0
0
0
0
0
0
0
0
0
0
0
0
0
0
0
0
0
0
0
0
0
0
0
0
0
0
0
0
0
0
0
0
0
0
0
0
0
0
0
0
0
0
0
0
0
0
0
0
0
0
0
0
0
0
0
0
0
0
0
0
0
0
0
0
0
0
0
0
0
0
0
0
0
0
0
0
0
0
0
0
0
0
0
0
0
0
0
0
0
0
0
0
0
0
0
0
0
0
0
0
0
0
0
0
0
0
0
0
0
0
0
0
0
0
0
0
0
0
0
0
0
0
0
0
0
0
0
0
0
0
0
0
0
0
0
0
0
0
0
0
0
0
0
0
0
0
0
0
0
0
0
0
0
0
0
0
0
0
0
0
0
0
0
0
0
0
0
0
0
0
0
0
0
0
0
0
0
0
0
0
0
0
0
0
0
0
0
0
0
0
0
0
0
0
0
0
0
0
0
0
0
0
0
0
0
0
0
0
0
0
0
0
0
0
0
0
0
0
0
0
0
0
0
0
0
0
0
0
0
0
0
0
0
0
0
0
0
0
0
0
0
0
0
0
0
0
0
0
0
0
0
0
0
0
0
0
0
0
0
0
0
0
0
0
0
0
0
0
0
0
0
0
0
0
0
0
0
0
0
0
0
0
0
0
0
0
0
0
0
0
0
0
0
0
0
0
0
0
0
0
0
0
0
0
0
0
0
0
0
0
0
0
0
0
0
0
0
0
0
0
0
0
0
0
0
0
0
0
0
0
0
0
0
0
0
0
0
0
0
0
0
0
0
0
0
0
0
0
0
0
0
0
0
0
0
0
0
0
0
0
0
0
0
0
0
0
0
0
0
0
0
0
0
0
0
0
0
0
0
0
0
0
0
0
0
0
0
0
0
0
0
0
0
0
0
0
0
0
0
0
0
0
0
0
0
0
0
0
0
0
0
0
0
0
0
0
0
0
0
0
0
0
0
0
0
0
0
0
0
0
0
0
0
0
0
0
0
0
0
0
0
0
0
0
0
0
0
0
0
0
0
0
0
0
0
0
0
0
0
0
0
0
0
0
0
0
0
0
0
0
0
0
0
0
0
0
0
0
0
0
0
0
0
0
0
0
0
0
0
0
0
0
0
0
0
0
0
0
0
0
0
0
0
0
0
0
0
0
0
0
0
0
0
0
0
0
0
0
0
0
0
0
0
0
0
0
0
0
0
0
0
0
0
0
0
0
0
0
0
0
0
0
0
0
0
0
0
0
0
0
0
0
0
0
0
0
0
0
0
0
0
0
0
0
0
0
0
0
0
0
0
0
0
0
0
0
0
0
0
0
0
0
0
0
0
0
0
0
0
0
0
0
0
0
0
0
0
0
0
0
0
0
0
0
0
0
0
0
0
0
0
0
0
0
0
0
0
0
0
0
0
0
0
0
0
0
0
0
0
0
0
0
0
0
0
0
0
0
0
0
0
0
0
0
0
0
0
0
0
0
0
0
0
0
0
0
0
0
0
0
0
0
0
0
0
0
0
0
0
0
0
0
0
0
0
0
0
0
0
0
0
0
0
0
0
0
0
0
0
0
0
0
0
0
0
0
0
0
0
0
0
0
0
0
0
0
0
0
0
0
0
0
0
0
0
0
0
0
0
0
0
0
0
0
0
0
0
0
0
0
0
0
0
0
0
0
0
0
0
0
0
0
0
0
0
0
0
0
0
0
0
0
0
0
0
0
0
0
0
0
0
0
0
0
0
0
0
0
0
0
0
0
0
0
0
0
0
0
0
0
0
0
0
0
0
0
0
0
0
0
0
0
0
0
0
0
0
0
0
0
0
0
0
0
0
0
0
0
0
0
0
0
0
0
0
0
0
0
0
0
0
0
0
0
0
0
0
0
0
0
0
0
0
0
0
0
0
0
0
0
0
0
0
0
0
0
0
0
0
0
0
0
0
0
0
0
0
0
0
0
0
0
0
0
0
0
0
0
0
0
0
0
0
0
0
0
0
0
0
0
0
0
0
0
0
0
0
0
0
0
0
0
0
0
0
0
0
0
0
0
0
0
0
0
0
0
0
0
0
0
0
0
0
0
0
0
0
0
0
0
0
0
0
0
0
0
0
0
0
0
0
0
0
0
0
0
0
0
0
0
0
0
0
0
0
0
0
0
0
0
0
0
0
0
0
0
0
0
0
0
0
0
0
0
0
0
0
0
0
0
0
0
0
0
0
0
0
0
0
0
0
0
0
0
0
0
0
0
0
0
0
0
0
0
0
0
0
0
0
0
0
0
0
0
0
0
0
0
0
0
0
0
0
0
0
0
0
0
0
0
0
0
0
0
0
0
0
0
0
0
0
0
0
0
0
0
0
0
0
0
0
0
0
0
0
0
0
0
0
0
0
0
0
0
0
0
0
0
0
0
0
0
0
0
0
0
0
0
0
0
0
0
0
0
0
0
0
0
0
0
0
0
0
0
0
0
0
0
0
0
0
0
0
0
0
0
0
0
0
0
0
0
0
0
0
0
0
0
0
0
0
0
0
0
0
0
0
0
0
0
0
0
0
0
0
0
0
0
0
0
0
0
0
0
0
0
0
0
0
0
0
0
0
0
0
0
0
0
0
0
0
0
0
0
0
0
0
0
0
0
0
0
0
0
0
0
0
0
0
0
0
0
0
0
0
0
0
0
0
0
0
0
0
0
0
0
0
0
0
0
0
0
0
0
0
0
0
0
0
0
0
0
0
0
0
0
0
0
0
0
0
0
0
0
0
0
0
0
0
0
0
0
0
0
0
0
0
0
0
0
0
0
0
0
0
0
0
0
0
0
0
0
0
0
0
0
0
0
0
0
0
0
0
0
0
0
0
0
0
0
0
0
0
0
0
0
0
0
0
0
0
0
0
0
0
0
0
0
0
0
0
0
0
0
0
0
0
0
0
0
0
0
0
0
0
0
0
0
0
0
0
0
0
0
0
0
0
0
0
0
0
0
0
0
0
0
0
0
0
0
0
0
0
0
0
0
0
0
0
0
0
0
0
0
0
0
0
0
0
0
0
0
0
0
0
0
0
0
0
0
0
0
0
0
0
0
0
0
0
0
0
0
0
0
0
0
0
0
0
0
0
0
0
0
0
0
0
0
0
0
0
0
0
0
0
0
0
0
0
0
0
0
0
0
0
0
0
0
0
0
0
0
0
0
0
0
0
0
0
0
0
0
0
0
0
0
0
0
0
0
0
0
0
0
0
0
0
0
0
0
0
0
0
0
0
0
0
0
0
0
0
0
0
0
0
0
0
0
0
0
0
0
0
0
0
0
0
0
0
0
0
0
0
0
0
0
0
0
0
0
0
0
0
0
0
0
0
0
0
0
0
0
0
0
0
0
0
0
0
0
0
0
0
0
0
0
0
0
0
0
0
0
0
0
0
0
0
0
0
0
0
0
0
0
0
0
0
0
0
0
0
0
0
0
0
0
0
0
0
0
0
0
0
0
0
0
0
0
0
0
0
0
0
0
0
0
0
0
0
0
0
0
0
0
0
0
0
0
0
0
0
0
0
0
0
0
0
0
0
0
0
0
0
0
0
0
0
0
0
0
0
0
0
0
0
0
0
0
0
0
0
0
0
0
0
0
0
0
0
0
0
0
0
0
0
0
0
0
0
0
0
0
0
0
0
0
0
0
0
0
0
0
0
0
0
0
0
0
0
0
0
0
0
0
0
0
0
0
0
0
0
0
0
0
0
0
0
0
0
0
0
0
0
0
0
0
0
0
0
0
0
0
0
0
0
0
0
0
0
0
0
0
0
0
0
0
0
0
0
0
0
0
0
0
0
0
0
0
0
0
0
0
0
0
0
0
0
0
0
0
0
0
0
0
0
0
0
0
0
0
0
0
0
0
0
0
0
0
0
0
0
0
0
0
0
0
0
0
0
0
0
0
0
0
0
0
0
0
0
0
0
0
0
0
0
0
0
0
0
0
0
0
0
0
0
0
0
0
0
0
0
0
0
0
0
0
0
0
0
0
0
0
0
0
0
0
0
0
0
0
0
0
0
0
0
0
0
0
0
0
0
0
0
0
0
0
0
0
0
0
0
0
0
0
0
0
0
0
0
0
0
0
0
0
0
0
0
0
0
0
0
0
0
0
0
0
0
0
0
0
0
0
0
0
0
0
0
0
0
0
0
0
0
0
0
0
0
0
0
0
0
0
0
0
0
0
0
0
0
0
0
0
0
0
0
0
0
0
0
0
0
0
0
0
0
0
0
0
0
0
0
0
0
0
0
0
0
0
0
0
0
0
0
0
0
0
0
0
0
0
0
0
0
0
0
0
0
0
0
0
0
0
0
0
0
0
0
0
0
0
0
0
0
0
0
0
0
0
0
0
0
0
0
0
0
0
0
0
0
0
0
0
0
0
0
0
0
0
0
0
0
0
0
0
0
0
0
0
0
0
0
0
0
0
0
0
0
0
0
0
0
0
0
0
0
0
0
0
0
0
0
0
0
0
0
0
0
0
0
0
0
0
0
0
0
0
0
0
0
0
0
0
0
0
0
0
0
0
0
0
0
0
0
0
0
0
0
0
0
0
0
0
0
0
0
0
0
0
0
0
0
0
0
0
0
0
0
0
0
0
0
0
0
0
0
0
0
0
0
0
0
0
0
0
0
0
0
0
0
0
0
0
0
0
0
0
0
0
0
0
0
0
0
0
0
0
0
0
0
0
0
0
0
0
0
0
0
0
0
0
0
0
0
0
0
0
0
0
0
0
0
0
0
0
0
0
0
0
0
0
0
0
0
0
0
0
0
0
0
0
0
0
0
0
0
0
0
0
0
0
0
0
0
0
0
0
0
0
0
0
0
0
0
0
0
0
0
0
0
0
0
0
0
0
0
0
0
0
0
0
0
0
0
0
0
0
0
0
0
0
0
0
0
0
0
0
0
0
0
0
0
0
0
0
0
0
0
0
0
0
0
0
0
0
0
0
0
0
0
0
0
0
0
0
0
0
0
0
0
0
0
0
0
0
0
0
0
0
0
0
0
0
0
0
0
0
0
0
0
0
0
0
0
0
0
0
0
0
0
0
0
0
0
0
0
0
0
0
0
0
0
0
0
0
0
0
0
0
0
0
0
0
0
0
0
0
0
0
0
0
0
0
0
0
0
0
0
0
0
0
0
0
0
0
0
0
0
0
0
0
0
0
0
0
0
0
0
0
0
0
0
0
0
0
0
0
0
0
0
0
0
0
0
0
0
0
0
0
0
0
0
0
0
0
0
0
0
0
0
0
0
0
0
0
0
0
0
0
0
0
0
0
0
0
0
0
0
0
0
0
0
0
0
0
0
0
0
0
0
0
0
0
0
0
0
0
0
0
0
0
0
0
0
0
0
0
0
0
0
0
0
0
0
0
0
0
0
0
0
0
0
0
0
0
0
0
0
0
0
0
0
0
0
0
0
0
0
0
0
0
0
0
0
0
0
0
0
0
0
0
0
0
0
0
0
0
0
0
0
0
0
0
0
0
0
0
0
0
0
0
0
0
0
0
0
0
0
0
0
0
0
0
0
0
0
0
0
0
0
0
0
0
0
0
0
0
0
0
0
0
0
0
0
0
0
0
0
0
0
0
0
0
0
0
0
0
0
0
0
0
0
0
0
0
0
0
0
0
0
0
0
0
0
0
0
0
0
0
0
0
0
0
0
0
0
0
0
0
0
0
0
0
0
0
0
0
0
0
0
0
0
0
0
0
0
0
0
0
0
0
0
0
0
0
0
0
0
0
0
0
0
0
0
0
0
0
0
0
0
0
0
0
0
0
0
0
0
0
0
0
0
0
0
0
0
0
0
0
0
0
0
0
0
0
0
0
0
0
0
0
0
0
0
0
0
0
0
0
0
0
0
0
0
0
0
0
0
0
0
0
0
0
0
0
0
0
0
0
0
0
0
0
0
0
0
0
0
0
0
0
0
0
0
0
0
0
0
0
0
0
0
0
0
0
0
0
0
0
0
0
0
0
0
0
0
0
0
0
0
0
0
0
0
0
0
0
0
0
0
0
0
0
0
0
0
0
0
0
0
0
0
0
0
0
0
0
0
0
0
0
0
0
0
0
0
0
0
0
0
0
0
0
0
0
0
0
0
0
0
0
0
0
0
0
0
0
0
0
0
0
0
0
0
0
0
0
0
0
0
0
0
0
0
0
0
0
0
0
0
0
0
0
0
0
0
0
0
0
0
0
0
0
0
0
0
0
0
0
0
0
0
0
0
0
0
0
0
0
0
0
0
0
0
0
0
0
0
0
0
0
0
0
0
0
0
0
0
0
0
0
0
0
0
0
0
0
0
0
0
0
0
0
0
0
0
0
0
0
0
0
0
0
0
0
0
0
0
0
0
0
0
0
0
0
0
0
0
0
0
0
0
0
0
0
0
0
0
0
0
0
0
0
0
0
0
0
0
0
0
0
0
0
0
0
0
0
0
0
0
0
0
0
0
0
0
0
0
0
0
0
0
0
0
0
0
0
0
0
0
0
0
0
0
0
0
0
0
0
0
0
0
0
0
0
0
0
0
0
0
0
0
0
0
0
0
0
0
0
0
0
0
0
0
0
0
0
0
0
0
0
0
0
0
0
0
0
0
0
0
0
0
0
0
0
0
0
0
0
0
0
0
0
0
0
0
0
0
0
0
0
0
0
0
0
0
0
0
0
0
0
0
0
0
0
0
0
0
0
0
0
0
0
0
0
0
0
0
0
0
0
0
0
0
0
0
0
0
0
0
0
0
0
0
0
0
0
0
0
0
0
0
0
0
0
0
0
0
0
0
0
0
0
0
0
0
0
0
0
0
0
0
0
0
0
0
0
0
0
0
0
0
0
0
0
0
0
0
0
0
0
0
0
0
0
0
0
0
0
0
0
0
0
0
0
0
0
0
0
0
0
0
0
0
0
0
0
0
0
0
0
0
0
0
0
0
0
0
0
0
0
0
0
0
0
0
0
0
0
0
0
0
0
0
0
0
0
0
0
0
0
0
0
0
0
0
0
0
0
0
0
0
0
0
0
0
0
0
0
0
0
0
0
0
0
0
0
0
0
0
0
0
0
0
0
0
0
0
0
0
0
0
0
0
0
0
0
0
0
0
0
0
0
0
0
0
0
0
0
0
0
0
0
0
0
0
0
0
0
0
0
0
0
0
0
0
0
0
0
0
0
0
0
0
0
0
0
0
0
0
0
0
0
0
0
0
0
0
0
0
0
0
0
0
0
0
0
0
0
0
0
0
0
0
0
0
0
0
0
0
0
0
0
0
0
0
0
0
0
0
0
0
0
0
0
0
0
0
0
0
0
0
0
0
0
0
0
0
0
0
0
0
0
0
0
0
0
0
0
0
0
0
0
0
0
0
0
0
0
0
0
0
0
0
0
0
0
0
0
0
0
0
0
0
0
0
0
0
0
0
0
0
0
0
0
0
0
0
0
0
0
0
0
0
0
0
0
0
0
0
0
0
0
0
0
0
0
0
0
0
0
0
0
0
0
0
0
0
0
0
0
0
0
0
0
0
0
0
0
0
0
0
0
0
0
0
0
0
0
0
0
0
0
0
0
0
0
0
0
0
0
0
0
0
0
0
0
0
0
0
0
0
0
0
0
0
0
0
0
0
0
0
0
0
0
0
0
0
0
0
0
0
0
0
0
0
0
0
0
0
0
0
0
0
0
0
0
0
0
0
0
0
0
0
0
0
0
0
0
0
0
0
0
0
0
0
0
0
0
0
0
0
0
0
0
0
0
0
0
0
0
0
0
0
0
0
0
0
0
0
0
0
0
0
0
0
0
0
0
0
0
0
0
0
0
0
0
0
0
0
0
0
0
0
0
0
0
0
0
0
0
0
0
0
0
0
0
0
0
0
0
0
0
0
0
0
0
0
0
0
0
0
0
0
0
0
0
0
0
0
0
0
0
0
0
0
0
0
0
0
0
0
0
0
0
0
0
0
0
0
0
0
0
0
0
0
0
0
0
0
0
0
0
0
0
0
0
0
0
0
0
0
0
0
0
0
0
0
0
0
0
0
0
0
0
0
0
0
0
0
0
0
0
0
0
0
0
0
0
0
0
0
0
0
0
0
0
0
0
0
0
0
0
0
0
0
0
0
0
0
0
0
0
0
0
0
0
0
0
0
0
0
0
0
0
0
0
0
0
0
0
0
0
0
0
0
0
0
0
0
0
0
0
0
0
0
0
0
0
0
0
0
0
0
0
0
0
0
0
0
0
0
0
0
0
0
0
0
0
0
0
0
0
0
0
0
0
0
0
0
0
0
0
0
0
0
0
0
0
0
0
0
0
0
0
0
0
0
0
0
0
0
0
0
0
0
0
0
0
0
0
0
0
0
0
0
0
0
0
0
0
0
0
0
0
0
0
0
0
0
0
0
0
0
0
0
0
0
0
0
0
0
0
0
0
0
0
0
0
0
0
0
0
0
0
0
0
0
0
0
0
0
0
0
0
0
0
0
0
0
0
0
0
0
0
0
0
0
0
0
0
0
0
0
0
0
0
0
0
0
0
0
0
0
0
0
0
0
0
0
0
0
0
0
0
0
0
0
0
0
0
0
0
0
0
0
0
0
0
0
0
0
0
0
0
0
0
0
0
0
0
0
0
0
0
0
0
0
0
0
0
0
0
0
0
0
0
0
0
0
0
0
0
0
0
0
0
0
0
0
0
0
0
0
0
0
0
0
0
0
0
0
0
0
0
0
0
0
0
0
0
0
0
0
0
0
0
0
0
0
0
0
0
0
0
0
0
0
0
0
0
0
0
0
0
0
0
0
0
0
0
0
0
0
0
0
0
0
0
0
0
0
0
0
0
0
0
0
0
0
0
0
0
0
0
0
0
0
0
0
0
0
0
0
0
0
0
0
0
0
0
0
0
0
0
0
0
0
0
0
0
0
0
0
0
0
0
0
0
0
0
0
0
0
0
0
0
0
0
0
0
0
0
0
0
0
0
0
0
0
0
0
0
0
0
0
0
0
0
0
0
0
0
0
0
0
0
0
0
0
0
0
0
0
0
0
0
0
0
0
0
0
0
0
0
0
0
0
0
0
0
0
0
0
0
0
0
0
0
0
0
0
0
0
0
0
0
0
0
0
0
0
0
0
0
0
0
0
0
0
0
0
0
0
0
0
0
0
0
0
0
0
0
0
0
0
0
0
0
0
0
0
0
0
0
0
0
0
0
0
0
0
0
0
0
0
0
0
0
0
0
0
0
0
0
0
0
0
0
0
0
0
0
0
0
0
0
0
0
0
0
0
0
0
0
0
0
0
0
0
0
0
0
0
0
0
0
0
0
0
0
0
0
0
0
0
0
0
0
0
0
0
0
0
0
0
0
0
0
0
0
0
0
0
0
0
0
0
0
0
0
0
0
0
0
0
0
0
0
0
0
0
0
0
0
0
0
0
0
0
0
0
0
0
0
0
0
0
0
0
0
0
0
0
0
0
0
0
0
0
0
0
0
0
0
0
0
0
0
0
0
0
0
0
0
0
0
0
0
0
0
0
0
0
0
0
0
0
0
0
0
0
0
0
0
0
0
0
0
0
0
0
0
0
0
0
0
0
0
0
0
0
0
0
0
0
0
0
0
0
0
0
0
0
0
0
0
0
0
0
0
0
0
0
0
0
0
0
0
0
0
0
0
0
0
0
0
0
0
0
0
0
0
0
0
0
0
0
0
0
0
0
0
0
0
0
0
0
0
0
0
0
0
0
0
0
0
0
0
0
0
0
0
0
0
0
0
0
0
0
0
0
0
0
0
0
0
0
0
0
0
0
0
0
0
0
0
0
0
0
0
0
0
0
0
0
0
0
0
0
0
0
0
0
0
0
0
0
0
0
0
0
0
0
0
0
0
0
0
0
0
0
0
0
0
0
0
0
0
0
0
0
0
0
0
0
0
0
0
0
0
0
0
0
0
0
0
0
0
0
0
0
0
0
0
0
0
0
0
0
0
0
0
0
0
0
0
0
0
0
0
0
0
0
0
0
0
0
0
0
0
0
0
0
0
0
0
0
0
0
0
0
0
0
0
0
0
0
0
0
0
0
0
0
0
0
0
0
0
0
0
0
0
0
0
0
0
0
0
0
0
0
0
0
0
0
0
0
0
0
0
0
0
0
0
0
0
0
0
0
0
0
0
0
0
0
0
0
0
0
0
0
0
0
0
0
0
0
0
0
0
0
0
0
0
0
0
0
0
0
0
0
0
0
0
0
0
0
0
0
0
0
0
0
0
0
0
0
0
0
0
0
0
0
0
0
0
0
0
0
0
0
0
0
0
0
0
0
0
0
0
0
0
0
0
0
0
0
0
0
0
0
0
0
0
0
0
0
0
0
0
0
0
0
0
0
0
0
0
0
0
0
0
0
0
0
0
0
0
0
0
0
0
0
0
0
0
0
0
0
0
0
0
0
0
0
0
0
0
0
0
0
0
0
0
0
0
0
0
0
0
0
0
0
0
0
0
0
0
0
0
0
0
0
0
0
0
0
0
0
0
0
0
0
0
0
0
0
0
0
0
0
0
0
0
0
0
0
0
0
0
0
0
0
0
0
0
0
0
0
0
0
0
0
0
0
0
0
0
0
0
0
0
0
0
0
0
0
0
0
0
0
0
0
0
0
0
0
0
0
0
0
0
0
0
0
0
0
0
0
0
0
0
0
0
0
0
0
0
0
0
0
0
0
0
0
0
0
0
0
0
0
0
0
0
0
0
0
0
0
0
0
0
0
0
0
0
0
0
0
0
0
0
0
0
0
0
0
0
0
0
0
0
0
0
0
0
0
0
0
0
0
0
0
0
0
0
0
0
0
0
0
0
0
0
0
0
0
0
0
0
0
0
0
0
0
0
0
0
0
0
0
0
0
0
0
0
0
0
0
0
0
0
0
0
0
0
0
0
0
0
0
0
0
0
0
0
0
0
0
0
0
0
0
0
0
0
0
0
0
0
0
0
0
0
0
0
0
0
0
0
0
0
0
0
0
0
0
0
0
0
0
0
0
0
0
0
0
0
0
0
0
0
0
0
0
0
0
0
0
0
0
0
0
0
0
0
0
0
0
0
0
0
0
0
0
0
0
0
0
0
0
0
0
0
0
0
0
0
0
0
0
0
0
0
0
0
0
0
0
0
0
0
0
0
0
0
0
0
0
0
0
0
0
0
0
0
0
0
0
0
0
0
0
0
0
0
0
0
0
0
0
0
0
0
0
0
0
0
0
0
0
0
0
0
0
0
0
0
0
0
0
0
0
0
0
0
0
0
0
0
0
0
0
0
0
0
0
0
0
0
0
0
0
0
0
0
0
0
0
0
0
0
0
0
0
0
0
0
0
0
0
0
0
0
0
0
0
0
0
0
0
0
0
0
0
0
0
0
0
0
0
0
0
0
0
0
0
0
0
0
0
0
0
0
0
0
0
0
0
0
0
0
0
0
0
0
0
0
0
0
0
0
0
0
0
0
0
0
0
0
0
0
0
0
0
0
0
0
0
0
0
0
0
0
0
0
0
0
0
0
0
0
0
0
0
0
0
0
0
0
0
0
0
0
0
0
0
0
0
0
0
0
0
0
0
0
0
0
0
0
0
0
0
0
0
0
0
0
0
0
0
0
0
0
0
0
0
0
0
0
0
0
0
0
0
0
0
0
0
0
0
0
0
0
0
0
0
0
0
0
0
0
0
0
0
0
0
0
0
0
0
0
0
0
0
0
0
0
0
0
0
0
0
0
0
0
0
0
0
0
0
0
0
0
0
0
0
0
0
0
0
0
0
0
0
0
0
0
0
0
0
0
0
0
0
0
0
0
0
0
0
0
0
0
0
0
0
0
0
0
0
0
0
0
0
0
0
0
0
0
0
0
0
0
0
0
0
0
0
0
0
0
0
0
0
0
0
0
0
0
0
0
0
0
0
0
0
0
0
0
0
0
0
0
0
0
0
0
0
0
0
0
0
0
0
0
0
0
0
0
0
0
0
0
0
0
0
0
0
0
0
0
0
0
0
0
0
0
0
0
0
0
0
0
0
0
0
0
0
0
0
0
0
0
0
0
0
0
0
0
0
0
0
0
0
0
0
0
0
0
0
0
0
0
0
0
0
0
0
0
0
0
0
0
0
0
0
0
0
0
0
0
0
0
0
0
0
0
0
0
0
0
0
0
0
0
0
0
0
0
0
0
0
0
0
0
0
0
0
0
0
0
0
0
0
0
0
0
0
0
0
0
0
0
0
0
0
0
0
0
0
0
0
0
0
0
0
0
0
0
0
0
0
0
0
0
0
0
0
0
0
0
0
0
0
0
0
0
0
0
0
0
0
0
0
0
0
0
0
0
0
0
0
0
0
0
0
0
0
0
0
0
0
0
0
0
0
0
0
0
0
0
0
0
0
0
0
0
0
0
0
0
0
0
0
0
0
0
0
0
0
0
0
0
0
0
0
0
0
0
0
0
0
0
0
0
0
0
0
0
0
0
0
0
0
0
0
0
0
0
0
0
0
0
0
0
0
0
0
0
0
0
0
0
0
0
0
0
0
0
0
0
0
0
0
0
0
0
0
0
0
0
0
0
0
0
0
0
0
0
0
0
0
0
0
0
0
0
0
0
0
0
0
0
0
0
0
0
0
0
0
0
0
0
0
0
0
0
0
0
0
0
0
0
0
0
0
0
0
0
0
0
0
0
0
0
0
0
0
0
0
0
0
0
0
0
0
0
0
0
0
0
0
0
0
0
0
0
0
0
0
0
0
0
0
0
0
0
0
0
0
0
0
0
0
0
0
0
0
0
0
0
0
0
0
0
0
0
0
0
0
0
0
0
0
0
0
0
0
0
0
0
0
0
0
0
0
0
0
0
0
0
0
0
